0 100.0 10000.2
1 98.00000000000001 9604.200000000004
2 96.04000000000003 9223.881600000008
3 94.1192000000001 8858.62380864002
4 92.23681600000016 8507.830225817886
5 90.39207968000017 8170.928068875499
6 88.5842380864001 7847.3672373480185
7 86.81255332467211 7536.619414749039
8 85.07630225817867 7238.177205924977
9 83.37477621301511 6951.55330857035
10 81.70728068875484 6676.279717550969
11 80.07313507497973 6411.906960735949
12 78.47167237348015 6158.003365090807
13 76.90223892601054 5914.154351833211
14 75.36419414749031 5679.961759500612
15 73.8569102645405 5455.043193824388
16 72.37977205924969 5239.031403348942
17 70.9321766180647 5031.573679776325
18 69.5135330857034 4832.331282057181
19 68.12326242398933 4640.978883287717
20 66.76079717550955 4457.204039509524
21 65.42558123199935 4280.706679544945
22 64.11706960735935 4111.198615034965
23 62.834728215212166 3948.4030698795796
24 61.578033650907926 3792.0542283123486
25 60.34647297788976 3641.896800871179
26 59.13954351833197 3497.6856075566807
27 57.95675264796533 3359.185177497436
28 56.79761759500603 3226.1693644685383
29 55.66166524310591 3098.420977635584
30 54.54843193824379 2975.7314269212147
31 53.45746329947892 2857.900382415135
32 52.388314033489344 2744.7354472714965
33 51.340547752819546 2636.051843559544
34 50.31373679776316 2531.6721105545867
35 49.3074620618079 2431.4258149766247
36 48.32131282057174 2335.1492727035507
37 47.35488656416032 2242.6852815044913
38 46.40778883287711 2153.882864356913
39 45.47963305621956 2068.597022928379
40 44.57004039509517 1986.6885008204151
41 43.67863958719327 1908.023556187927
42 42.8050667954494 1832.4737433628848
43 41.948965459540396 1759.9157031257132
44 41.10998615034959 1690.2309612819354
45 40.2877864273426 1623.305735215171
46 39.482030698795775 1559.030748100652
47 38.692390084819856 1497.3010504758658
48 37.91854228312346 1438.0158488770217
49 37.16017143746099 1381.0783412614915
50 36.41696800871176 1326.395558947536
51 35.68862864853753 1273.8782148132138
52 34.97485607556678 1223.4405575066103
53 34.275358954055434 1175.000231429348
54 33.58985177497433 1128.478142264746
55 32.91805473947484 1083.7983278310621
56 32.25969364468535 1040.8878340489523
57 31.614499771791646 999.6765958206141
58 30.982209776355813 960.0973226261177
59 30.362565580828697 922.0853886501235
60 29.75531426921212 885.5787272595785
61 29.160207983827878 850.5177296600991
62 28.577003824151323 816.8451475655594
63 28.005463747668298 784.5059997219633
64 27.445354472714932 753.4474821329736
65 26.896447383260632 723.6188818405078
66 26.358518435595418 694.9714941196236
67 25.831348066883507 667.4585429524864
68 25.314721105545836 641.0351046515678
69 24.80842668343492 615.6580345073658
70 24.312258149766226 591.2858963408743
71 23.826012986770902 567.8788948457757
72 23.349492727035482 545.398810609883
73 22.882502872494772 523.8089377097316
74 22.42485281504488 503.0740237764262
75 21.976355758743978 483.16021243487955
76 21.5368286435691 464.0349880224584
77 21.106092070697642 445.66712249676584
78 20.683970229283688 428.02662444589384
79 20.270290824698012 411.08469011783643
80 19.864885008204052 394.8136563891701
81 19.46758730803997 379.18695559615895
82 19.078235561879172 364.1790721545511
83 18.69667085064159 349.7655008972308
84 18.322737433628756 335.92270706170046
85 17.956282684956182 322.6280878620572
86 17.59715703125706 309.85993558271974
87 17.24521389063192 297.5974021336441
88 16.90030961281928 285.8204650091518
89 16.562303420562902 274.5098945947896
90 16.231057352151645 263.64722276883595
91 15.90643620510861 253.21471274719
92 15.588307481006439 243.1953301224013
93 15.276541331386309 233.57271504955415
94 14.971010504758581 224.33115553359178
95 14.67159029466341 215.45556177446156
96 14.378158488770143 206.93144152819292
97 14.09059531899474 198.74487644367647
98 13.808783412614847 190.88249933650692
99 13.53260774436255 183.33147236278128
100 13.2619555894753 176.07946605721511
101 12.996716477685792 169.11463920134938
102 12.736782148132077 162.42561948897597
103 12.482046505169436 156.0014849572125
104 12.232405575066046 149.83174615290687
105 11.987757463564725 143.90632900525173
106 11.74800231429343 138.21555837664377
107 11.51304226800756 132.75014226492866
108 11.282781422647409 127.50115663123748
109 11.05712579419446 122.46003082864048
110 10.835983278310572 117.61853360782632
111 10.61926361274436 112.96875967695641
112 10.40687834048947 108.50311679374887
113 10.198740773679683 104.21431336871646
114 9.99476595820609 100.0953465593153
115 9.794870639041969 96.13949083556643
116 9.59897322626113 92.340286998478
117 9.406993761735908 88.69153163333829
118 9.21885388650119 85.1872669806581
119 9.034476808771167 81.82177120822405
120 8.853787272595744 78.58954906837839
121 8.676711527143828 75.48532292527058
122 8.503177296600953 72.5040241374299
123 8.333113750668934 69.64078478158767
124 8.166451475655556 66.89092970423681
125 8.003122446142445 64.24996888794904
126 7.843059997219596 61.71359011998625
127 7.686198797275204 59.277651951234795
128 7.532474821329701 56.93817693396591
129 7.381825324903107 54.69134512738086
130 7.234188818405045 52.53348786033658
131 7.089505042036944 50.46108174106725
132 6.947714941196205 48.47074290412099
133 6.808760642372281 46.5592214851178
134 6.672585429524836 44.723396314307145
135 6.539133720934339 42.960269820260585
136 6.408351046515652 41.26696313537826
137 6.280184025585339 39.64071139521728
138 6.154580345073632 38.078859223966674
139 6.031488738172159 36.57885639869759
140 5.910858963408716 35.13825368530916
141 5.7926417841405415 33.75469883937092
142 5.67678894845773 32.42593276533183
143 5.563253169488576 31.149785827824683
144 5.451988106098804 29.92417430904282
145 5.342948343976829 28.74709700640474
146 5.236089377097293 27.616631964951114
147 5.131367589555347 26.53093333913905
148 5.028740237764239 25.488228378909138
149 4.928165433008955 24.486814535104337
150 4.829602124348776 23.52505667951421
151 4.7330100818618 22.601384435005443
152 4.638349880224564 21.71428961137923
153 4.5455828826200735 20.862323742768616
154 4.454671224967671 20.044095722554975
155 4.365577800468318 19.2582695319418
156 4.278266244458952 18.503562058476906
157 4.1927009195697735 17.778741000961222
158 4.108846901178378 17.08262285732316
159 4.02666996315481 16.41407099217316
160 3.946136563891714 15.771993780883102
161 3.8672138326138796 15.155342827160132
162 3.789869555961602 14.56311125120459
163 3.7140721648423702 13.99433204565689
164 3.639790721545523 13.448076496648879
165 3.5669949071146125 12.923452667381582
166 3.4956550089723204 12.419603941753273
167 3.4257419087928738 11.935707625659841
168 3.357227070617016 11.470973603683712
169 3.290082529204676 11.024643048977838
170 3.2242808786205823 10.595987184238314
171 3.1597952610481705 10.184306091742476
172 3.096599355827207 9.788927570509474
173 3.034667368710663 9.409206038717299
174 2.9739740213364496 9.044521479584093
175 2.914494540909721 8.694278428992565
176 2.8562046500915264 8.357905003204458
177 2.7990805570896957 8.03485196507756
178 2.743098945947902 7.724591827260491
179 2.688236967028944 7.426617990900975
180 2.634472227688365 7.140443918461298
181 2.581782783134598 6.8656023392902314
182 2.5301471274719063 6.601644486654339
183 2.4795441849224686 6.3481393649828295
184 2.4299533012240193 6.10467304612951
185 2.381354235199539 5.870847993502781
186 2.333727150495548 5.646282412960071
187 2.287052607485637 5.4306096294068515
188 2.2413115553359244 5.223477488082341
189 2.1964853242292057 5.024547779554279
190 2.1525556177446217 4.83349568748393
191 2.109504505389729 4.650009258259566
192 2.0673144152819343 4.473788891632486
193 2.0259681269762955 4.304546851523839
194 1.9854487644367695 4.1420067962034945
195 1.9457397891480341 3.9859033270738364
196 1.9068249933650734 3.8359815553217125
197 1.8686884934977719 3.6919966857309725
198 1.8313147236278164 3.553713616976026
199 1.79468842915526 3.420906557743775
200 1.758794660572155 3.2933586580571217
no
