0 100.0 10000.2
1 80.00000000000014 6400.200000000023
2 64.00000000000009 4096.200000000011
3 51.200000000000045 2621.6400000000044
4 40.96000000000011 1677.9216000000088
5 32.76800000000009 1073.9418240000061
6 26.214400000000076 687.394767360004
7 20.971520000000066 440.00465111040273
8 16.77721600000004 281.6749767106573
9 13.42177280000003 180.34398509482062
10 10.737418240000027 115.49215046068528
11 8.589934592000022 73.98697629483858
12 6.871947673600017 47.42366482869669
13 5.497558138880013 30.423145490365872
14 4.398046511104009 19.542813113834143
15 3.5184372088832068 12.57940039285385
16 2.814749767106565 8.12281625142646
17 2.2517998136852517 5.270602400912934
18 1.801439850948201 3.445185536584277
19 1.4411518807585606 2.276918743413937
20 1.152921504606848 1.529227995784918
21 0.9223372036854783 1.0507059173023476
22 0.7378697629483825 0.7444517870735021
23 0.5902958103587059 0.5484491437270413
24 0.4722366482869647 0.4230074519853064
25 0.37778931862957177 0.34272476927059614
26 0.3022314549036574 0.2913438523331815
27 0.2417851639229259 0.25846006549323614
28 0.1934281311383407 0.23741444191567113
29 0.15474250491067254 0.2239452428260295
30 0.12379400392853802 0.2153249554086589
31 0.09903520314283049 0.2098079714615417
32 0.07922816251426443 0.20627710173538671
33 0.06338253001141156 0.2040173451106475
34 0.05070602400912923 0.2025711008708144
35 0.04056481920730337 0.20164550455732122
36 0.03245185536584269 0.2010531229166856
37 0.025961484292674145 0.2006739986666788
38 0.020769187434139316 0.20043135914667443
39 0.016615349947311443 0.20027606985387164
40 0.013292279957849151 0.20017668470647784
41 0.010633823966279321 0.20011307821214583
42 0.008507059173023456 0.20007237005577333
43 0.0068056473384187285 0.20004631683569493
44 0.005444517870734987 0.20002964277484475
45 0.004355614296587977 0.20001897137590066
46 0.003484491437270379 0.20001214168057643
47 0.0027875931498163057 0.2000077706755689
48 0.0022300745198530455 0.2000049732323641
49 0.0017840596158824344 0.20000318286871305
50 0.0014272476927059425 0.20000203703597635
51 0.0011417981541647485 0.20000130370302485
52 0.000913438523331805 0.20000083436993593
53 0.0007307508186654428 0.200000533996759
54 0.0005846006549331701 0.20000034175792575
55 0.00046768052394654576 0.20000021872507248
56 0.00037414441915724106 0.2000001399840464
57 0.0002993155353258079 0.2000000895897897
58 0.0002394524282606467 0.2000000573374654
59 0.00019156194260849997 0.20000003669597788
60 0.00015324955408680034 0.20000002348542584
61 0.00012259964326944063 0.20000001503067255
62 9.807971461555287e-05 0.20000000961963044
63 7.846377169245275e-05 0.2000000061565635
64 6.277101735396e-05 0.20000000394020062
65 5.021681388316627e-05 0.20000000252172842
66 4.017345110653131e-05 0.2000000016139062
67 3.213876088522775e-05 0.20000000103289997
68 2.5711008708187124e-05 0.20000000066105597
69 2.0568806966550186e-05 0.20000000042307584
70 1.645504557324064e-05 0.20000000027076853
71 1.3164036458593004e-05 0.20000000017329186
72 1.0531229166590677e-05 0.2000000001109068
73 8.424983333268591e-06 0.20000000007098034
74 6.739986666617989e-06 0.20000000004542742
75 5.3919893333060656e-06 0.20000000002907356
76 4.313591466656527e-06 0.20000000001860707
77 3.4508731733230857e-06 0.20000000001190854
78 2.7606985386576106e-06 0.20000000000762147
79 2.2085588309252305e-06 0.20000000000487775
80 1.7668470647393266e-06 0.20000000000312176
81 1.4134776517853177e-06 0.20000000000199794
82 1.1307821214385764e-06 0.20000000000127868
83 9.04625697150367e-07 0.20000000000081836
84 7.237005577467688e-07 0.20000000000052376
85 5.789604462061148e-07 0.20000000000033522
86 4.6316835696752323e-07 0.20000000000021453
87 3.7053468556730135e-07 0.20000000000013732
88 2.9642774844712386e-07 0.20000000000008789
89 2.3714219875542276e-07 0.20000000000005624
90 1.8971375900206186e-07 0.200000000000036
91 1.517710071283189e-07 0.20000000000002305
92 1.2141680570926057e-07 0.20000000000001475
93 9.713344496481241e-08 0.20000000000000945
94 7.77067559740145e-08 0.20000000000000606
95 6.216540477852428e-08 0.20000000000000387
96 4.973232381376722e-08 0.20000000000000248
97 3.978585905083396e-08 0.2000000000000016
98 3.182868724048735e-08 0.200000000000001
99 2.5462949792210058e-08 0.20000000000000065
100 2.037035983068146e-08 0.20000000000000043
101 1.629628786200764e-08 0.2000000000000003
102 1.3037030287068584e-08 0.20000000000000018
103 1.0429624262598035e-08 0.20000000000000012
104 8.34369940753161e-09 0.2000000000000001
105 6.6749595274408836e-09 0.20000000000000007
106 5.3399676208992134e-09 0.20000000000000004
107 4.271974105052802e-09 0.20000000000000004
108 3.4175792834938895e-09 0.2
109 2.7340634290986318e-09 0.2
110 2.1872507450772845e-09 0.2
111 1.7498006022949308e-09 0.2
112 1.3998405413646875e-09 0.2
113 1.1198724926204928e-09 0.2
114 8.95898053625137e-10 0.2
115 7.167184491266719e-10 0.2
116 5.733747566552959e-10 0.2
117 4.5869979767554903e-10 0.2
118 3.6695984870472304e-10 0.2
119 2.935678895280623e-10 0.2
120 2.3485432218673367e-10 0.2
121 1.8788345056157756e-10 0.2
122 1.5030675325227254e-10 0.2
123 1.2024539985693498e-10 0.2
124 9.619637042239863e-11 0.2
125 7.695709358406435e-11 0.2
126 6.156567211339693e-11 0.2
127 4.925254467493623e-11 0.2
128 3.9402024298788397e-11 0.2
129 3.152161686107805e-11 0.2
130 2.521732639105299e-11 0.2
131 2.0173894052627798e-11 0.2
132 1.6139077174607635e-11 0.2
133 1.291125916173344e-11 0.2
134 1.0329014489507314e-11 0.2
135 8.263200326347142e-12 0.2
136 6.610477922969148e-12 0.2
137 5.288379936324526e-12 0.2
138 4.231092345513497e-12 0.2
139 3.3848359472232173e-12 0.2
140 2.7078663557277816e-12 0.2
141 2.166300420604665e-12 0.2
142 1.733046987474944e-12 0.2
143 1.38643535918697e-12 0.2
144 1.1091460565565907e-12 0.2
145 8.874567229994393e-13 0.2
146 7.099524857925073e-13 0.2
147 5.678439386404872e-13 0.2
148 4.541571009188711e-13 0.2
149 3.6320763074157823e-13 0.2
150 2.90554636010108e-13 0.2
151 2.3244555168685325e-13 0.2
152 1.8594855512651672e-13 0.2
153 1.4875609501594796e-13 0.2
154 1.1900211795599376e-13 0.2
155 9.51989363080304e-14 0.2
156 7.61457291756008e-14 0.2
157 6.091346927774365e-14 0.2
158 4.872265871348714e-14 0.2
159 3.897491177165225e-14 0.2
160 3.115894167829114e-14 0.2
161 2.491892652602547e-14 0.2
162 1.994512737570477e-14 0.2
163 1.5948335962227586e-14 0.2
164 1.2750893651307134e-14 0.2
165 1.019739190904326e-14 0.2
166 8.154581543732971e-15 0.2
167 6.509671437425847e-15 0.2
168 5.199001589119733e-15 0.2
169 4.1554031603460716e-15 0.2
170 4.1554031603460716e-15 0.2
171 4.1554031603460716e-15 0.2
172 4.1554031603460716e-15 0.2
173 4.1554031603460716e-15 0.2
174 4.1554031603460716e-15 0.2
175 4.1554031603460716e-15 0.2
176 4.1554031603460716e-15 0.2
177 4.1554031603460716e-15 0.2
178 4.1554031603460716e-15 0.2
179 4.1554031603460716e-15 0.2
180 4.1554031603460716e-15 0.2
181 4.1554031603460716e-15 0.2
182 4.1554031603460716e-15 0.2
183 4.1554031603460716e-15 0.2
184 4.1554031603460716e-15 0.2
185 4.1554031603460716e-15 0.2
186 4.1554031603460716e-15 0.2
187 4.1554031603460716e-15 0.2
188 4.1554031603460716e-15 0.2
189 4.1554031603460716e-15 0.2
190 4.1554031603460716e-15 0.2
191 4.1554031603460716e-15 0.2
192 4.1554031603460716e-15 0.2
193 4.1554031603460716e-15 0.2
194 4.1554031603460716e-15 0.2
195 4.1554031603460716e-15 0.2
196 4.1554031603460716e-15 0.2
197 4.1554031603460716e-15 0.2
198 4.1554031603460716e-15 0.2
199 4.1554031603460716e-15 0.2
200 4.1554031603460716e-15 0.2
yes
