0 100.0 10000.2
1 40.00000000000045 1600.200000000036
2 16.000000000000018 256.20000000000056
3 6.400000000000009 41.160000000000124
4 2.5600000000000005 6.753600000000003
5 1.023999999999999 1.2485759999999977
6 0.40959999999999974 0.3677721599999998
7 0.16383999999999976 0.22684354559999992
8 0.06553599999999989 0.204294967296
9 0.026214399999999992 0.20068719476736002
10 0.010485759999999969 0.2001099511627776
11 0.004194304000000027 0.20001759218604442
12 0.001677721600000002 0.2000028147497671
13 0.0006710886399999925 0.20000045035996275
14 0.00026843545600000205 0.20000007205759404
15 0.00010737418239981938 0.20000001152921507
16 4.294967295993283e-05 0.20000000184467442
17 1.7179869184244662e-05 0.20000000029514792
18 6.871947673756232e-06 0.20000000004722368
19 2.748779068281882e-06 0.2000000000075558
20 1.099511627264538e-06 0.20000000000120893
21 4.398046508842802e-07 0.20000000000019344
22 1.7592186006570977e-07 0.20000000000003096
23 7.036874395144439e-08 0.20000000000000495
24 2.8147497585674304e-08 0.20000000000000082
25 1.1258999018167839e-08 0.20000000000000015
26 4.503599613385544e-09 0.20000000000000004
27 1.8014398507878419e-09 0.2
28 7.205759190972405e-10 0.2
29 2.882305595838208e-10 0.2
30 1.1529222926098472e-10 0.2
31 4.6116897131850305e-11 0.2
32 1.8446764280196535e-11 0.2
33 7.37935062799721e-12 0.2
34 2.951760686593209e-12 0.2
35 1.1807106762432316e-12 0.2
36 4.722773978730409e-13 0.2
37 1.8890407306771585e-13 0.2
38 7.552275770340914e-14 0.2
39 3.022565829870274e-14 0.2
40 1.210681853682018e-14 0.2
41 4.845959955771655e-15 0.2
42 1.915005596281384e-15 0.2
43 1.915005596281384e-15 0.2
44 1.915005596281384e-15 0.2
45 1.915005596281384e-15 0.2
46 1.915005596281384e-15 0.2
47 1.915005596281384e-15 0.2
48 1.915005596281384e-15 0.2
49 1.915005596281384e-15 0.2
50 1.915005596281384e-15 0.2
51 1.915005596281384e-15 0.2
52 1.915005596281384e-15 0.2
53 1.915005596281384e-15 0.2
54 1.915005596281384e-15 0.2
55 1.915005596281384e-15 0.2
56 1.915005596281384e-15 0.2
57 1.915005596281384e-15 0.2
58 1.915005596281384e-15 0.2
59 1.915005596281384e-15 0.2
60 1.915005596281384e-15 0.2
61 1.915005596281384e-15 0.2
62 1.915005596281384e-15 0.2
63 1.915005596281384e-15 0.2
64 1.915005596281384e-15 0.2
65 1.915005596281384e-15 0.2
66 1.915005596281384e-15 0.2
67 1.915005596281384e-15 0.2
68 1.915005596281384e-15 0.2
69 1.915005596281384e-15 0.2
70 1.915005596281384e-15 0.2
71 1.915005596281384e-15 0.2
72 1.915005596281384e-15 0.2
73 1.915005596281384e-15 0.2
74 1.915005596281384e-15 0.2
75 1.915005596281384e-15 0.2
76 1.915005596281384e-15 0.2
77 1.915005596281384e-15 0.2
78 1.915005596281384e-15 0.2
79 1.915005596281384e-15 0.2
80 1.915005596281384e-15 0.2
81 1.915005596281384e-15 0.2
82 1.915005596281384e-15 0.2
83 1.915005596281384e-15 0.2
84 1.915005596281384e-15 0.2
85 1.915005596281384e-15 0.2
86 1.915005596281384e-15 0.2
87 1.915005596281384e-15 0.2
88 1.915005596281384e-15 0.2
89 1.915005596281384e-15 0.2
90 1.915005596281384e-15 0.2
91 1.915005596281384e-15 0.2
92 1.915005596281384e-15 0.2
93 1.915005596281384e-15 0.2
94 1.915005596281384e-15 0.2
95 1.915005596281384e-15 0.2
96 1.915005596281384e-15 0.2
97 1.915005596281384e-15 0.2
98 1.915005596281384e-15 0.2
99 1.915005596281384e-15 0.2
100 1.915005596281384e-15 0.2
101 1.915005596281384e-15 0.2
102 1.915005596281384e-15 0.2
103 1.915005596281384e-15 0.2
104 1.915005596281384e-15 0.2
105 1.915005596281384e-15 0.2
106 1.915005596281384e-15 0.2
107 1.915005596281384e-15 0.2
108 1.915005596281384e-15 0.2
109 1.915005596281384e-15 0.2
110 1.915005596281384e-15 0.2
111 1.915005596281384e-15 0.2
112 1.915005596281384e-15 0.2
113 1.915005596281384e-15 0.2
114 1.915005596281384e-15 0.2
115 1.915005596281384e-15 0.2
116 1.915005596281384e-15 0.2
117 1.915005596281384e-15 0.2
118 1.915005596281384e-15 0.2
119 1.915005596281384e-15 0.2
120 1.915005596281384e-15 0.2
121 1.915005596281384e-15 0.2
122 1.915005596281384e-15 0.2
123 1.915005596281384e-15 0.2
124 1.915005596281384e-15 0.2
125 1.915005596281384e-15 0.2
126 1.915005596281384e-15 0.2
127 1.915005596281384e-15 0.2
128 1.915005596281384e-15 0.2
129 1.915005596281384e-15 0.2
130 1.915005596281384e-15 0.2
131 1.915005596281384e-15 0.2
132 1.915005596281384e-15 0.2
133 1.915005596281384e-15 0.2
134 1.915005596281384e-15 0.2
135 1.915005596281384e-15 0.2
136 1.915005596281384e-15 0.2
137 1.915005596281384e-15 0.2
138 1.915005596281384e-15 0.2
139 1.915005596281384e-15 0.2
140 1.915005596281384e-15 0.2
141 1.915005596281384e-15 0.2
142 1.915005596281384e-15 0.2
143 1.915005596281384e-15 0.2
144 1.915005596281384e-15 0.2
145 1.915005596281384e-15 0.2
146 1.915005596281384e-15 0.2
147 1.915005596281384e-15 0.2
148 1.915005596281384e-15 0.2
149 1.915005596281384e-15 0.2
150 1.915005596281384e-15 0.2
151 1.915005596281384e-15 0.2
152 1.915005596281384e-15 0.2
153 1.915005596281384e-15 0.2
154 1.915005596281384e-15 0.2
155 1.915005596281384e-15 0.2
156 1.915005596281384e-15 0.2
157 1.915005596281384e-15 0.2
158 1.915005596281384e-15 0.2
159 1.915005596281384e-15 0.2
160 1.915005596281384e-15 0.2
161 1.915005596281384e-15 0.2
162 1.915005596281384e-15 0.2
163 1.915005596281384e-15 0.2
164 1.915005596281384e-15 0.2
165 1.915005596281384e-15 0.2
166 1.915005596281384e-15 0.2
167 1.915005596281384e-15 0.2
168 1.915005596281384e-15 0.2
169 1.915005596281384e-15 0.2
170 1.915005596281384e-15 0.2
171 1.915005596281384e-15 0.2
172 1.915005596281384e-15 0.2
173 1.915005596281384e-15 0.2
174 1.915005596281384e-15 0.2
175 1.915005596281384e-15 0.2
176 1.915005596281384e-15 0.2
177 1.915005596281384e-15 0.2
178 1.915005596281384e-15 0.2
179 1.915005596281384e-15 0.2
180 1.915005596281384e-15 0.2
181 1.915005596281384e-15 0.2
182 1.915005596281384e-15 0.2
183 1.915005596281384e-15 0.2
184 1.915005596281384e-15 0.2
185 1.915005596281384e-15 0.2
186 1.915005596281384e-15 0.2
187 1.915005596281384e-15 0.2
188 1.915005596281384e-15 0.2
189 1.915005596281384e-15 0.2
190 1.915005596281384e-15 0.2
191 1.915005596281384e-15 0.2
192 1.915005596281384e-15 0.2
193 1.915005596281384e-15 0.2
194 1.915005596281384e-15 0.2
195 1.915005596281384e-15 0.2
196 1.915005596281384e-15 0.2
197 1.915005596281384e-15 0.2
198 1.915005596281384e-15 0.2
199 1.915005596281384e-15 0.2
200 1.915005596281384e-15 0.2
yes
