0 100.0 10000.2
1 -99.99999999999852 10000.199999999706
2 99.99999999999821 10000.199999999642
3 -99.99999999999804 10000.199999999608
4 99.99999999999827 10000.199999999653
5 -99.99999999999798 10000.199999999597
6 99.99999999999832 10000.199999999666
7 -99.99999999999775 10000.199999999551
8 99.99999999999883 10000.199999999768
9 -99.99999999999804 10000.199999999608
10 99.99999999999827 10000.199999999653
11 -99.99999999999798 10000.199999999597
12 99.99999999999832 10000.199999999666
13 -99.99999999999775 10000.199999999551
14 99.99999999999883 10000.199999999768
15 -99.99999999999804 10000.199999999608
16 99.99999999999827 10000.199999999653
17 -99.99999999999798 10000.199999999597
18 99.99999999999832 10000.199999999666
19 -99.99999999999775 10000.199999999551
20 99.99999999999883 10000.199999999768
21 -99.99999999999804 10000.199999999608
22 99.99999999999827 10000.199999999653
23 -99.99999999999798 10000.199999999597
24 99.99999999999832 10000.199999999666
25 -99.99999999999775 10000.199999999551
26 99.99999999999883 10000.199999999768
27 -99.99999999999804 10000.199999999608
28 99.99999999999827 10000.199999999653
29 -99.99999999999798 10000.199999999597
30 99.99999999999832 10000.199999999666
31 -99.99999999999775 10000.199999999551
32 99.99999999999883 10000.199999999768
33 -99.99999999999804 10000.199999999608
34 99.99999999999827 10000.199999999653
35 -99.99999999999798 10000.199999999597
36 99.99999999999832 10000.199999999666
37 -99.99999999999775 10000.199999999551
38 99.99999999999883 10000.199999999768
39 -99.99999999999804 10000.199999999608
40 99.99999999999827 10000.199999999653
41 -99.99999999999798 10000.199999999597
42 99.99999999999832 10000.199999999666
43 -99.99999999999775 10000.199999999551
44 99.99999999999883 10000.199999999768
45 -99.99999999999804 10000.199999999608
46 99.99999999999827 10000.199999999653
47 -99.99999999999798 10000.199999999597
48 99.99999999999832 10000.199999999666
49 -99.99999999999775 10000.199999999551
50 99.99999999999883 10000.199999999768
51 -99.99999999999804 10000.199999999608
52 99.99999999999827 10000.199999999653
53 -99.99999999999798 10000.199999999597
54 99.99999999999832 10000.199999999666
55 -99.99999999999775 10000.199999999551
56 99.99999999999883 10000.199999999768
57 -99.99999999999804 10000.199999999608
58 99.99999999999827 10000.199999999653
59 -99.99999999999798 10000.199999999597
60 99.99999999999832 10000.199999999666
61 -99.99999999999775 10000.199999999551
62 99.99999999999883 10000.199999999768
63 -99.99999999999804 10000.199999999608
64 99.99999999999827 10000.199999999653
65 -99.99999999999798 10000.199999999597
66 99.99999999999832 10000.199999999666
67 -99.99999999999775 10000.199999999551
68 99.99999999999883 10000.199999999768
69 -99.99999999999804 10000.199999999608
70 99.99999999999827 10000.199999999653
71 -99.99999999999798 10000.199999999597
72 99.99999999999832 10000.199999999666
73 -99.99999999999775 10000.199999999551
74 99.99999999999883 10000.199999999768
75 -99.99999999999804 10000.199999999608
76 99.99999999999827 10000.199999999653
77 -99.99999999999798 10000.199999999597
78 99.99999999999832 10000.199999999666
79 -99.99999999999775 10000.199999999551
80 99.99999999999883 10000.199999999768
81 -99.99999999999804 10000.199999999608
82 99.99999999999827 10000.199999999653
83 -99.99999999999798 10000.199999999597
84 99.99999999999832 10000.199999999666
85 -99.99999999999775 10000.199999999551
86 99.99999999999883 10000.199999999768
87 -99.99999999999804 10000.199999999608
88 99.99999999999827 10000.199999999653
89 -99.99999999999798 10000.199999999597
90 99.99999999999832 10000.199999999666
91 -99.99999999999775 10000.199999999551
92 99.99999999999883 10000.199999999768
93 -99.99999999999804 10000.199999999608
94 99.99999999999827 10000.199999999653
95 -99.99999999999798 10000.199999999597
96 99.99999999999832 10000.199999999666
97 -99.99999999999775 10000.199999999551
98 99.99999999999883 10000.199999999768
99 -99.99999999999804 10000.199999999608
100 99.99999999999827 10000.199999999653
101 -99.99999999999798 10000.199999999597
102 99.99999999999832 10000.199999999666
103 -99.99999999999775 10000.199999999551
104 99.99999999999883 10000.199999999768
105 -99.99999999999804 10000.199999999608
106 99.99999999999827 10000.199999999653
107 -99.99999999999798 10000.199999999597
108 99.99999999999832 10000.199999999666
109 -99.99999999999775 10000.199999999551
110 99.99999999999883 10000.199999999768
111 -99.99999999999804 10000.199999999608
112 99.99999999999827 10000.199999999653
113 -99.99999999999798 10000.199999999597
114 99.99999999999832 10000.199999999666
115 -99.99999999999775 10000.199999999551
116 99.99999999999883 10000.199999999768
117 -99.99999999999804 10000.199999999608
118 99.99999999999827 10000.199999999653
119 -99.99999999999798 10000.199999999597
120 99.99999999999832 10000.199999999666
121 -99.99999999999775 10000.199999999551
122 99.99999999999883 10000.199999999768
123 -99.99999999999804 10000.199999999608
124 99.99999999999827 10000.199999999653
125 -99.99999999999798 10000.199999999597
126 99.99999999999832 10000.199999999666
127 -99.99999999999775 10000.199999999551
128 99.99999999999883 10000.199999999768
129 -99.99999999999804 10000.199999999608
130 99.99999999999827 10000.199999999653
131 -99.99999999999798 10000.199999999597
132 99.99999999999832 10000.199999999666
133 -99.99999999999775 10000.199999999551
134 99.99999999999883 10000.199999999768
135 -99.99999999999804 10000.199999999608
136 99.99999999999827 10000.199999999653
137 -99.99999999999798 10000.199999999597
138 99.99999999999832 10000.199999999666
139 -99.99999999999775 10000.199999999551
140 99.99999999999883 10000.199999999768
141 -99.99999999999804 10000.199999999608
142 99.99999999999827 10000.199999999653
143 -99.99999999999798 10000.199999999597
144 99.99999999999832 10000.199999999666
145 -99.99999999999775 10000.199999999551
146 99.99999999999883 10000.199999999768
147 -99.99999999999804 10000.199999999608
148 99.99999999999827 10000.199999999653
149 -99.99999999999798 10000.199999999597
150 99.99999999999832 10000.199999999666
151 -99.99999999999775 10000.199999999551
152 99.99999999999883 10000.199999999768
153 -99.99999999999804 10000.199999999608
154 99.99999999999827 10000.199999999653
155 -99.99999999999798 10000.199999999597
156 99.99999999999832 10000.199999999666
157 -99.99999999999775 10000.199999999551
158 99.99999999999883 10000.199999999768
159 -99.99999999999804 10000.199999999608
160 99.99999999999827 10000.199999999653
161 -99.99999999999798 10000.199999999597
162 99.99999999999832 10000.199999999666
163 -99.99999999999775 10000.199999999551
164 99.99999999999883 10000.199999999768
165 -99.99999999999804 10000.199999999608
166 99.99999999999827 10000.199999999653
167 -99.99999999999798 10000.199999999597
168 99.99999999999832 10000.199999999666
169 -99.99999999999775 10000.199999999551
170 99.99999999999883 10000.199999999768
171 -99.99999999999804 10000.199999999608
172 99.99999999999827 10000.199999999653
173 -99.99999999999798 10000.199999999597
174 99.99999999999832 10000.199999999666
175 -99.99999999999775 10000.199999999551
176 99.99999999999883 10000.199999999768
177 -99.99999999999804 10000.199999999608
178 99.99999999999827 10000.199999999653
179 -99.99999999999798 10000.199999999597
180 99.99999999999832 10000.199999999666
181 -99.99999999999775 10000.199999999551
182 99.99999999999883 10000.199999999768
183 -99.99999999999804 10000.199999999608
184 99.99999999999827 10000.199999999653
185 -99.99999999999798 10000.199999999597
186 99.99999999999832 10000.199999999666
187 -99.99999999999775 10000.199999999551
188 99.99999999999883 10000.199999999768
189 -99.99999999999804 10000.199999999608
190 99.99999999999827 10000.199999999653
191 -99.99999999999798 10000.199999999597
192 99.99999999999832 10000.199999999666
193 -99.99999999999775 10000.199999999551
194 99.99999999999883 10000.199999999768
195 -99.99999999999804 10000.199999999608
196 99.99999999999827 10000.199999999653
197 -99.99999999999798 10000.199999999597
198 99.99999999999832 10000.199999999666
199 -99.99999999999775 10000.199999999551
200 99.99999999999883 10000.199999999768
no
