0 100.0 10000.2
1 -101.99999999999852 10404.199999999699
2 104.03999999999684 10824.521599999343
3 -106.12079999999713 11261.824192639391
4 108.24321599999689 11716.793810021984
5 -110.40808031999723 12190.144199946959
6 112.61624192639653 12682.617945624672
7 -114.86856676492587 13194.987630628233
8 117.16593810022678 13728.057050906174
9 -119.50925686223084 14282.66247576267
10 121.89944199947718 14859.6739597839
11 -124.33743083946638 15459.996707759086
12 126.82417945626375 16084.572494754593
13 -129.36066304538932 16734.381143542752
14 131.94787630630574 17410.44206174416
15 -134.58683383244002 18113.81584104082
16 137.27857050909708 18845.60592102114
17 -140.02414191927946 19606.960320230515
18 142.82462475766536 20399.073437167917
19 -145.68111725281634 21223.18792402882
20 148.5947395978712 22080.596636159156
21 -151.5666343898292 22972.644660260157
22 154.59796707762845 23900.731424535494
23 -157.6899264191854 24866.31289408811
24 160.84372494757346 25870.903855010667
25 -164.0605994465254 26916.080290753252
26 167.34181143545496 28003.481854499365
27 -170.68864766416888 29134.814441422786
28 174.10242061745058 30311.85286485568
29 -177.58446902980174 31536.44364059661
30 181.1361584103826 32810.50788367121
31 -184.75888157859035 34136.04432217157
32 188.45405921015274 35515.13243278375
33 -192.22314039433925 36949.935703061856
34 196.06760320222403 38442.70502546477
35 -199.98895526626748 39995.78222849313
36 203.98873437159207 41611.603750523944
37 -208.06850905902255 43292.704462044545
38 212.22987924020165 45041.72164231057
39 -216.47447682501374 46861.39911666341
40 220.80396636150434 48754.59156097234
41 -225.22004568874198 50724.26898003902
42 229.72444660251867 52773.52136683345
43 -234.31893553456584 54905.563550052015
44 239.0053142452572 57123.74023747414
45 -243.78542053016108 59431.53126306748
46 248.66112894076426 61832.55704609538
47 -253.63435151958512 64330.58427076047
48 258.70703854997817 66929.53179529989
49 -263.8811793207361 69633.47679970249
50 269.1588029071787 72446.66118242547
51 -274.5419789653273 75373.49821419822
52 280.03281854464274 78418.5794620568
53 -285.63347491553407 81586.68199232302
54 291.34614441385486 84882.77586481877
55 -297.17306730212124 88312.03192975107
56 303.11652864814846 91879.8299397038
57 -309.17885922110315 95591.76698926272
58 315.3624364055322 99453.66629563335
59 -321.66968513364236 103471.58633397661
60 328.10307883633004 107651.830341879
61 -334.6651404130822 112000.95620770803
62 341.35844322134756 116525.78675850196
63 -348.1856120857543 121233.42046353138
64 355.1493243274799 126131.24257026552
65 -362.2523108142767 131226.93669028336
66 369.49735703060367 136528.4968526014
67 -376.88730417122747 142044.24004545534
68 384.4250502547494 147782.81926336663
69 -392.11355125990156 153753.23708165146
70 399.95582228509465 159964.85977974624
71 -407.95493873080363 166427.43203485376
72 416.1140375054106 173151.09220905424
73 -424.436318255521 180146.38825430188
74 432.925044620619 187424.29425976498
75 -441.5835455130325 194996.22766786045
76 450.4152164233225 202874.06718566845
77 -459.4235207517901 211070.1714199705
78 468.61199116676073 219597.39826527625
79 -477.98423099009506 228469.12507519257
80 487.54391561009345 237699.26964842193
81 -497.29479392231076 247302.31206223354
82 507.240689800787 257293.3173895782
83 -517.3855035967957 267687.95933210995
84 527.733213668654 278502.5448090452
85 -538.2878779419526 289754.0395392505
86 549.0536355007783 301460.0946566216
87 -560.0347082107781 313639.0744007314
88 571.2354023750805 326310.0849266202
89 -582.6601104225996 339493.00427767594
90 594.313312631051 353208.5135704933
91 -606.199578883679 367478.1294387498
92 618.3235704612531 382324.23778795224
93 -630.6900418703887 397770.1289144726
94 643.3038427077428 413840.0340425483
95 -656.1699195619141 430559.1633378888
96 669.2933179531111 447953.7454566843
97 -682.6791843121213 466051.0686930632
98 696.3327679983337 484879.5237882212
99 -710.2594233583089 504468.64846927754
100 724.4646118255761 524849.1737875825
101 -738.9539040620379 546053.0723285273
102 753.7329821431557 568113.6083704146
103 -768.8076417861495 591065.3900687803
104 784.1837946218617 614944.4237475421
105 -799.8674705142097 639788.1703868001
106 815.8648199245732 665635.6043905562
107 -832.1821163231008 692527.2747279948
108 848.8257586495569 720505.3685469957
109 -865.8022738225781 749613.7773563464
110 883.1183192990162 779898.1658815191
111 -900.7806856850672 811406.0437032598
112 918.7962993980449 844186.8397875417
113 -937.172225386037 878291.9800350169
114 955.9156698936928 913774.9679483074
115 -975.0339832915346 950691.4685733565
116 994.5346629573802 989099.3958237497
117 -1014.4253562165917 1029059.0033351589
118 1034.71386334095 1070632.978989954
119 -1055.408140607928 1113886.543261484
120 1076.5163034201814 1158887.551529452
121 -1098.0466294885482 1205706.600531161
122 1120.007562077853 1254417.1391115757
123 -1142.407713319376 1305095.5834516054
124 1165.2558675860882 1357821.4369438072
125 -1188.560984937721 1412677.4149161256
126 1212.3322046356966 1469749.5743968484
127 -1236.5788487278624 1529127.4491211255
128 1261.3104257025257 1590904.1899858864
129 -1286.5366342165976 1655176.7111813712
130 1312.2673669010328 1722045.8422333698
131 -1338.5127142389392 1791616.4861792922
132 1365.2829685240313 1863997.7841417908
133 -1392.5886278943553 1939303.2865406831
134 1420.440400452202 2017651.131236812
135 -1448.8492084620134 2099164.2288610027
136 1477.8261926321593 2183970.455629664
137 -1507.38271648487 2272202.8539573057
138 1537.5303708144852 2363999.8411769285
139 -1568.2809782305217 2459505.426679682
140 1599.6465977969037 2558869.437843209
141 -1631.6395297529134 2662247.7550523086
142 1664.2723203480227 2769802.556276592
143 -1697.5577667541938 2881702.571467486
144 1731.508922085889 2998123.3472630377
145 -1766.1391005276055 3119247.5224124594
146 1801.4618825382813 3245265.114238369
147 -1837.491120189115 3376373.816773849
148 1874.2409425927513 3512779.3108909647
149 -1911.7257614451987 3654695.586973225
150 1949.9602766736384 3802345.2806051327
151 -1988.9594822072418 3955960.0218620994
152 2028.7386718512462 4115780.7986647584
153 -2069.313445288436 4282058.334851497
154 2110.69971419407 4455053.483498929
155 -2152.9137084777612 4635037.6361514665
156 2195.971982652073 4822293.148592877
157 -2239.8914223049487 5017113.783715286
158 2284.689250750829 5219805.172496385
159 -2330.3830357657553 5430685.293384817
160 2376.9906964806296 5650084.971155468
161 -2424.530510410412 5878348.395910972
162 2473.0211206178383 6115833.663021909
163 -2522.4815430299595 6362913.334926805
164 2572.931173889505 6619975.025572426
165 -2624.389797367209 6887422.0085251015
166 2676.877593314618 7165673.849589862
167 -2730.415145179968 7455167.065028146
168 2785.023448081469 7756355.806363594
169 -2840.7239170434295 8069712.5728625655
170 2897.5383953844903 8395728.952727325
171 -2955.489163291706 8734916.394334707
172 3014.598946557767 9087807.008587196
173 -3074.8909254888695 9454954.403653795
174 3136.388743998874 9836934.553482832
175 -3199.116518877505 10234346.701354925
176 3263.098849252494 10647814.299992949
177 -3328.3608262362677 11077985.98962417
178 3394.9280427610647 11525536.615525473
179 -3462.8266036168907 11991168.28671689
180 3532.083135688673 12475611.477416327
181 -3602.72479840275 12979626.173026133
182 3674.779294367967 13504003.062315533
183 -3748.2748802552505 14049564.777952513
184 3823.2403778590897 14617167.186892115
185 -3899.7051854161864 15207700.733161893
186 3977.6992891233867 15822091.834692696
187 -4057.25327490552 16461304.336731566
188 4138.398340404087 17126341.023859303
189 -4221.166307209288 17818245.193118896
190 4305.5896333546 18538102.290850595
191 -4391.701426024921 19287041.615349323
192 4479.535454545191 20066238.08852739
193 -4569.12616364232 20876914.099280782
194 4660.508686912547 21720341.420787312
195 -4753.718860647997 22597843.20608049
196 4848.793237860359 23510796.063520346
197 -4945.76910261823 24460632.216413133
198 5044.684484671506 25448841.749885414
199 -5145.578174359999 26476974.94844998
200 5248.48973784674 27546644.728282545
no
