class_num=45 feat_num=44753

Confusion matrix for the test data:
row is the truth, column is the system output

             PRP$ CC comma RBS : NNS CD $ VBP DT JJS VBG LS POS RB VBZ TO `` NN VBD NNPS MD WRB EX NNP . WP$ VBN RBR -RRB- FW '' VB SYM -LRB- PDT WP PRP RP UH # JJR JJ WDT IN
PRP$ 1103 0 0 0 0 0 0 0 0 6 0 0 0 0 0 0 0 0 0 0 0 0 0 0 0 0 0 0 0 0 0 0 0 0 0 0 0 1 0 0 0 0 0 0 0
CC 0 3054 0 0 0 1 0 0 0 16 0 0 0 0 10 0 0 5 0 0 1 0 2 2 2 0 0 0 0 0 0 1 1 0 0 2 0 0 0 0 0 0 0 0 18
comma 0 0 7084 0 0 0 0 0 0 0 0 0 0 0 0 0 0 0 0 0 0 0 0 0 0 0 0 0 0 0 0 0 0 0 0 0 0 0 0 0 0 0 0 0 0
RBS 0 0 0 24 0 0 0 0 0 0 20 0 0 0 0 0 0 0 0 0 0 0 0 0 0 0 0 0 0 0 0 0 0 0 0 0 0 0 0 0 0 0 0 0 0
: 0 0 0 0 621 0 0 0 0 0 0 0 0 0 0 0 0 0 0 0 0 0 0 0 0 0 0 0 0 0 0 0 0 0 0 0 0 0 0 0 0 0 0 0 0
NNS 9 41 0 0 0 6664 44 0 14 253 7 33 0 0 90 122 0 78 252 41 52 2 6 1 322 0 0 46 5 2 1 0 23 0 5 0 6 61 0 7 0 6 144 0 71
CD 0 1 0 0 0 17 4857 0 0 13 0 6 2 0 4 2 0 0 34 2 1 0 0 0 29 0 0 6 0 0 0 0 4 0 1 0 1 2 0 0 0 2 27 0 9
$ 0 0 0 0 0 0 0 1143 0 0 0 0 0 0 0 0 0 0 0 0 0 0 0 0 0 0 0 0 0 0 0 0 0 0 0 0 0 0 0 0 0 0 0 0 0
VBP 1 1 0 0 0 9 4 0 1173 2 0 17 0 0 27 12 1 0 63 75 3 2 0 0 28 1 0 14 1 0 0 0 91 0 0 1 1 13 1 0 0 2 15 1 2
DT 7 6 0 0 0 12 1 0 0 9873 1 1 0 0 19 0 1 4 20 0 1 0 3 13 136 0 0 0 0 0 0 0 0 0 1 17 4 27 0 0 0 0 12 26 100
JJS 0 0 0 22 0 0 0 0 1 0 179 1 0 0 1 0 0 0 2 0 0 0 0 0 0 0 0 0 0 0 0 0 0 0 0 0 0 0 0 0 0 0 4 0 0
VBG 1 17 0 0 0 27 13 0 8 50 6 1361 0 0 20 15 0 2 169 19 2 0 0 0 23 0 0 27 0 0 0 0 12 0 1 1 0 5 0 0 0 5 78 1 33
LS 0 1 0 0 0 0 0 0 0 0 0 0 0 0 1 0 0 0 1 0 0 0 0 0 2 0 0 0 0 0 0 0 0 0 0 0 0 0 0 0 0 0 0 0 0
POS 0 1 0 0 2 7 0 0 1 2 1 0 0 1207 0 15 0 0 7 2 0 0 0 0 7 0 0 1 0 0 0 2 1 0 0 0 0 5 0 0 0 0 10 0 0
RB 18 81 0 0 1 60 24 0 15 297 5 25 0 0 2966 9 4 95 98 27 5 2 14 14 233 0 0 31 39 0 0 1 23 1 2 8 3 126 70 3 0 16 215 0 423
VBZ 0 5 0 0 0 128 2 0 13 3 3 17 0 29 11 2470 0 0 25 55 10 1 1 0 22 0 0 5 0 0 0 0 17 0 0 0 0 10 1 0 0 2 18 0 14
TO 0 0 0 0 0 0 0 0 0 0 0 0 0 0 0 0 3057 0 0 0 0 0 0 0 0 0 0 0 0 0 0 0 0 0 0 0 0 0 0 0 0 0 0 0 0
`` 0 0 0 0 0 0 0 0 0 0 0 0 0 0 0 0 0 574 0 0 0 0 0 0 0 0 0 0 0 0 0 0 0 0 0 0 0 0 0 0 0 0 0 0 0
NN 10 34 1 2 9 476 93 1 47 179 17 200 0 0 125 31 1 95 16262 73 29 3 6 2 753 0 0 94 5 0 5 3 118 0 2 2 1 34 1 0 1 25 915 1 114
VBD 1 14 1 1 0 41 13 0 58 4 0 34 0 1 60 53 0 1 82 3886 6 5 3 0 62 0 0 263 0 0 1 0 43 0 1 0 2 13 0 0 0 1 63 0 40
NNPS 0 1 0 0 1 68 4 0 0 0 2 2 0 0 6 5 0 0 36 5 135 0 1 0 157 0 0 0 1 0 0 0 0 0 0 0 0 2 0 0 0 0 17 0 0
MD 0 0 0 0 0 1 0 0 1 0 0 0 0 0 0 0 0 0 4 0 0 1270 0 0 0 0 0 0 0 0 0 0 0 0 0 0 0 0 0 0 0 0 1 0 0
WRB 0 0 0 0 0 0 0 0 0 0 0 0 0 0 0 0 0 0 0 0 0 0 219 0 2 0 0 0 0 0 0 0 0 0 0 0 1 0 0 0 0 0 0 0 0
EX 0 0 0 0 0 0 0 0 0 0 0 0 0 0 6 0 0 0 0 0 0 0 0 72 0 0 0 0 0 0 0 0 0 0 0 0 0 0 0 0 0 0 0 0 0
NNP 9 33 0 1 0 250 82 0 25 58 6 57 0 4 94 39 5 76 533 88 156 4 7 12 10387 7 0 42 3 1 3 0 37 0 5 2 3 81 3 0 0 9 350 0 96
. 0 0 0 0 0 0 0 0 0 0 0 0 0 0 0 0 0 0 0 0 0 0 0 0 0 5460 0 0 0 0 0 0 0 0 0 0 0 0 0 0 0 0 0 0 0
WP$ 0 0 0 0 0 0 0 0 0 0 0 0 0 0 0 0 0 0 0 0 0 0 0 0 0 0 16 0 0 0 0 0 0 0 0 0 0 0 0 0 0 0 0 0 0
VBN 0 16 0 0 0 36 10 0 11 21 1 38 0 0 36 7 0 1 54 261 0 2 0 0 30 0 0 2062 2 0 0 0 24 0 0 1 1 3 1 0 0 5 207 0 23
RBR 0 0 0 0 0 0 0 0 0 0 0 0 0 0 15 0 0 0 4 0 0 0 0 0 2 0 0 0 84 0 0 0 0 0 0 0 0 0 0 0 0 115 4 0 2
-RRB- 0 0 0 0 0 0 0 0 0 0 0 0 0 0 0 0 0 0 0 0 0 0 0 0 0 0 0 0 0 176 0 0 0 0 0 0 0 0 0 0 0 0 0 0 0
FW 0 0 0 0 0 1 0 0 0 0 0 0 0 0 0 0 0 0 3 0 0 0 0 0 5 0 0 0 0 0 1 0 0 0 0 0 0 0 0 0 0 0 2 0 0
'' 0 0 0 0 1 0 0 0 0 0 0 0 0 0 0 0 0 0 0 0 0 0 0 0 0 0 0 0 0 0 0 983 0 0 0 0 0 0 0 0 0 0 0 0 0
VB 1 18 1 0 1 29 10 0 86 26 1 25 0 0 42 9 1 23 72 19 0 1 4 0 84 0 0 24 1 0 0 0 3049 0 1 1 2 2 0 1 1 1 52 0 32
SYM 0 0 0 0 0 0 0 0 0 0 0 0 0 0 0 0 0 0 0 0 0 0 0 0 0 0 0 0 0 0 0 0 0 1 0 0 0 0 0 0 0 0 0 0 0
-LRB- 0 0 0 0 0 0 0 0 0 0 0 0 0 0 0 0 0 0 0 0 0 0 0 0 0 0 0 0 0 0 0 0 0 0 157 0 0 0 0 0 0 0 0 0 0
PDT 0 6 0 0 0 0 0 0 0 3 0 0 0 0 2 0 0 0 0 0 0 0 0 0 2 0 0 0 0 0 0 0 1 0 0 21 0 0 0 0 0 0 2 0 20
WP 0 0 0 0 0 0 0 0 0 0 0 0 0 0 0 0 0 0 0 0 0 0 0 0 0 0 0 0 0 0 0 0 0 0 0 0 286 0 0 0 0 0 0 0 0
PRP 12 0 0 0 0 33 1 0 0 4 0 0 0 0 1 0 0 0 24 0 0 0 0 0 104 0 0 0 0 0 0 0 0 0 0 0 0 1938 0 0 0 0 3 0 0
RP 1 0 0 0 0 3 0 0 0 0 0 1 0 0 62 0 0 0 4 3 0 0 0 0 1 0 0 0 0 1 0 0 1 0 0 2 0 0 181 0 0 0 2 0 82
UH 0 0 0 0 0 2 0 0 0 0 0 0 0 0 8 0 0 0 3 0 0 0 0 0 12 0 0 0 0 0 0 0 1 0 0 0 0 0 0 0 0 0 2 0 0
# 0 0 0 0 0 0 0 0 0 0 0 0 0 0 0 0 0 0 0 0 0 0 0 0 0 0 0 0 0 0 0 0 0 0 0 0 0 0 0 0 28 0 0 0 0
JJR 0 0 0 0 0 0 0 0 0 1 0 2 0 0 12 0 0 0 7 0 0 0 0 1 2 0 0 0 85 0 0 0 1 0 0 0 0 0 0 0 0 232 2 0 0
JJ 7 24 0 1 2 156 56 0 20 161 10 119 0 0 342 18 4 50 748 52 9 1 2 0 440 0 0 204 3 1 2 1 47 1 1 3 4 41 5 2 1 23 5880 0 69
WDT 0 0 0 0 0 5 0 0 0 24 1 1 0 0 0 0 0 0 0 0 1 0 1 1 0 0 0 0 0 0 0 0 1 0 0 0 3 2 0 0 0 0 0 426 68
IN 4 26 0 0 1 17 9 0 13 234 2 16 0 0 211 8 0 18 31 13 1 0 1 0 336 0 0 6 0 0 1 0 8 1 4 3 1 20 100 0 0 1 69 90 12435

 Test accuracy=0.85800

Running_time=: 0.2927232027053833 <built-in function min>
