0 1.0 2.0 7.0
1 0.9827772811622093 1.9530598470833933 6.780293950657992
2 0.9611391029528809 1.9079844741644552 6.564193128877681
3 0.9245363556577942 1.8739221945805513 6.366351864274585
4 0.9048224118607014 1.8279726524722226 6.1601876151917505
5 0.8772523087293056 1.7862606708203734 5.960298797290547
6 0.8646697905041145 1.7378697601540847 5.767845149868445
7 0.8421401297006722 1.6932332909379624 5.576238975592867
8 0.8240824534767256 1.6466079723933014 5.390429704877398
9 0.7982232776578061 1.6038142459142226 5.209380536392177
10 0.7883362656646964 1.5548015231389258 5.038881844117283
11 0.7798536349864796 1.505526326774254 4.874781212612003
12 0.7721846952532537 1.4561179533607511 4.716548697682863
13 0.7459189409432582 1.4135725640626504 4.554582460328568
14 0.7244675140219452 1.368408017313684 4.397393680721505
15 0.6952377806638255 1.3278417420617803 4.246519263624025
16 0.6718267634526942 1.2836611549998125 4.099137160946775
17 0.6427861395672103 1.2429592857019305 3.9581218071323705
18 0.6210345997606961 1.1979385069875899 3.820740640623584
19 0.5973968061039291 1.1538788348253948 3.688319309401186
20 0.5879224942685191 1.1047846659736318 3.566202017437386
21 0.566154698888866 1.0597717446697488 3.4436472938743057
22 0.5381423327206867 1.0183554756241209 3.3266450449996916
23 0.5208121569858126 0.9714548891779112 3.2149699045718823
24 0.4879551731250177 0.9337664478255355 3.1100200300641845
25 0.4727248617161231 0.8861425293140555 3.0087173771436393
26 0.44215848757591436 0.846573642901613 2.9121910609911277
27 0.41090482534737016 0.8075453378230668 2.8209722481335238
28 0.3920021696239376 0.7612561424681961 2.7331766154354327
29 0.376535958453637 0.7137083106350234 2.651158880678098
30 0.34384658215407865 0.6758744015434971 2.5750366787208216
31 0.3228431723314853 0.630499774538703 2.5017576796144123
32 0.31275624222250353 0.5815278045867344 2.4359910545566086
33 0.2845408735994545 0.5402495660891257 2.3728331024082294
34 0.2634610308228086 0.4949103972776897 2.3143480160957774
35 0.23815405118611 0.45178781871763923 2.2608295852379987
36 0.22668117784661265 0.4031218842528018 2.213891609953457
37 0.2102626613491097 0.35589443126175835 2.170871232960741
38 0.1867940173657959 0.3117444284352073 2.1320765935840473
39 0.17955929638733886 0.2622706089711324 2.101027413249205
40 0.15095115167685103 0.2212636088830525 2.07174383480852
41 0.11850545635423304 0.18322051680273066 2.0476133009631847
42 0.089677421427755 0.14236780083086703 2.0283106306273484
43 0.07133510955268128 0.09585372129490793 2.014276633740975
44 0.034095346436749226 0.06248906869564854 2.0050673763550915
45 0.015228382884543284 0.016185314136004755 2.0004938680389595
46 0.015228382884543284 0.016185314136004755 2.0004938680389595
47 0.015228382884543284 0.016185314136004755 2.0004938680389595
48 0.015228382884543284 0.016185314136004755 2.0004938680389595
49 0.015228382884543284 0.016185314136004755 2.0004938680389595
50 0.015228382884543284 0.016185314136004755 2.0004938680389595
51 0.015228382884543284 0.016185314136004755 2.0004938680389595
52 0.015228382884543284 0.016185314136004755 2.0004938680389595
53 0.015228382884543284 0.016185314136004755 2.0004938680389595
54 0.015228382884543284 0.016185314136004755 2.0004938680389595
55 0.015228382884543284 0.016185314136004755 2.0004938680389595
56 0.015228382884543284 0.016185314136004755 2.0004938680389595
57 0.015228382884543284 0.016185314136004755 2.0004938680389595
58 0.015228382884543284 0.016185314136004755 2.0004938680389595
59 0.015228382884543284 0.016185314136004755 2.0004938680389595
60 0.015228382884543284 0.016185314136004755 2.0004938680389595
61 0.015228382884543284 0.016185314136004755 2.0004938680389595
62 0.015228382884543284 0.016185314136004755 2.0004938680389595
63 0.015228382884543284 0.016185314136004755 2.0004938680389595
64 0.015228382884543284 0.016185314136004755 2.0004938680389595
65 0.015228382884543284 0.016185314136004755 2.0004938680389595
66 0.015228382884543284 0.016185314136004755 2.0004938680389595
67 0.015228382884543284 0.016185314136004755 2.0004938680389595
68 0.015228382884543284 0.016185314136004755 2.0004938680389595
69 0.015228382884543284 0.016185314136004755 2.0004938680389595
70 0.015228382884543284 0.016185314136004755 2.0004938680389595
71 0.015228382884543284 0.016185314136004755 2.0004938680389595
72 0.015228382884543284 0.016185314136004755 2.0004938680389595
73 0.015228382884543284 0.016185314136004755 2.0004938680389595
74 0.015228382884543284 0.016185314136004755 2.0004938680389595
75 0.015228382884543284 0.016185314136004755 2.0004938680389595
76 0.015228382884543284 0.016185314136004755 2.0004938680389595
77 0.015228382884543284 0.016185314136004755 2.0004938680389595
78 0.015228382884543284 0.016185314136004755 2.0004938680389595
79 0.015228382884543284 0.016185314136004755 2.0004938680389595
80 0.015228382884543284 0.016185314136004755 2.0004938680389595
81 0.015228382884543284 0.016185314136004755 2.0004938680389595
82 0.015228382884543284 0.016185314136004755 2.0004938680389595
83 0.015228382884543284 0.016185314136004755 2.0004938680389595
84 0.015228382884543284 0.016185314136004755 2.0004938680389595
85 0.015228382884543284 0.016185314136004755 2.0004938680389595
86 0.015228382884543284 0.016185314136004755 2.0004938680389595
87 0.015228382884543284 0.016185314136004755 2.0004938680389595
88 0.015228382884543284 0.016185314136004755 2.0004938680389595
89 0.015228382884543284 0.016185314136004755 2.0004938680389595
90 0.015228382884543284 0.016185314136004755 2.0004938680389595
91 0.015228382884543284 0.016185314136004755 2.0004938680389595
92 0.015228382884543284 0.016185314136004755 2.0004938680389595
93 0.015228382884543284 0.016185314136004755 2.0004938680389595
94 0.015228382884543284 0.016185314136004755 2.0004938680389595
95 0.015228382884543284 0.016185314136004755 2.0004938680389595
96 0.015228382884543284 0.016185314136004755 2.0004938680389595
97 0.015228382884543284 0.016185314136004755 2.0004938680389595
98 0.015228382884543284 0.016185314136004755 2.0004938680389595
99 0.015228382884543284 0.016185314136004755 2.0004938680389595
100 0.015228382884543284 0.016185314136004755 2.0004938680389595
101 0.015228382884543284 0.016185314136004755 2.0004938680389595
102 0.015228382884543284 0.016185314136004755 2.0004938680389595
103 0.015228382884543284 0.016185314136004755 2.0004938680389595
104 0.015228382884543284 0.016185314136004755 2.0004938680389595
105 0.015228382884543284 0.016185314136004755 2.0004938680389595
106 0.015228382884543284 0.016185314136004755 2.0004938680389595
107 0.015228382884543284 0.016185314136004755 2.0004938680389595
108 0.015228382884543284 0.016185314136004755 2.0004938680389595
109 0.015228382884543284 0.016185314136004755 2.0004938680389595
110 0.015228382884543284 0.016185314136004755 2.0004938680389595
111 0.015228382884543284 0.016185314136004755 2.0004938680389595
112 0.015228382884543284 0.016185314136004755 2.0004938680389595
113 0.015228382884543284 0.016185314136004755 2.0004938680389595
114 0.015228382884543284 0.016185314136004755 2.0004938680389595
115 0.015228382884543284 0.016185314136004755 2.0004938680389595
116 0.015228382884543284 0.016185314136004755 2.0004938680389595
117 0.015228382884543284 0.016185314136004755 2.0004938680389595
118 0.015228382884543284 0.016185314136004755 2.0004938680389595
119 0.015228382884543284 0.016185314136004755 2.0004938680389595
120 0.015228382884543284 0.016185314136004755 2.0004938680389595
121 0.015228382884543284 0.016185314136004755 2.0004938680389595
122 0.015228382884543284 0.016185314136004755 2.0004938680389595
123 0.015228382884543284 0.016185314136004755 2.0004938680389595
124 0.015228382884543284 0.016185314136004755 2.0004938680389595
125 0.015228382884543284 0.016185314136004755 2.0004938680389595
126 0.015228382884543284 0.016185314136004755 2.0004938680389595
127 0.015228382884543284 0.016185314136004755 2.0004938680389595
128 0.015228382884543284 0.016185314136004755 2.0004938680389595
129 0.015228382884543284 0.016185314136004755 2.0004938680389595
130 0.015228382884543284 0.016185314136004755 2.0004938680389595
131 0.015228382884543284 0.016185314136004755 2.0004938680389595
132 0.015228382884543284 0.016185314136004755 2.0004938680389595
133 0.015228382884543284 0.016185314136004755 2.0004938680389595
134 0.015228382884543284 0.016185314136004755 2.0004938680389595
135 0.015228382884543284 0.016185314136004755 2.0004938680389595
136 0.015228382884543284 0.016185314136004755 2.0004938680389595
137 0.015228382884543284 0.016185314136004755 2.0004938680389595
138 0.015228382884543284 0.016185314136004755 2.0004938680389595
139 0.015228382884543284 0.016185314136004755 2.0004938680389595
140 0.015228382884543284 0.016185314136004755 2.0004938680389595
141 0.015228382884543284 0.016185314136004755 2.0004938680389595
142 0.015228382884543284 0.016185314136004755 2.0004938680389595
143 0.015228382884543284 0.016185314136004755 2.0004938680389595
144 0.015228382884543284 0.016185314136004755 2.0004938680389595
145 0.015228382884543284 0.016185314136004755 2.0004938680389595
146 0.015228382884543284 0.016185314136004755 2.0004938680389595
147 0.015228382884543284 0.016185314136004755 2.0004938680389595
148 0.015228382884543284 0.016185314136004755 2.0004938680389595
149 0.015228382884543284 0.016185314136004755 2.0004938680389595
150 0.015228382884543284 0.016185314136004755 2.0004938680389595
151 0.015228382884543284 0.016185314136004755 2.0004938680389595
152 0.015228382884543284 0.016185314136004755 2.0004938680389595
153 0.015228382884543284 0.016185314136004755 2.0004938680389595
154 0.015228382884543284 0.016185314136004755 2.0004938680389595
155 0.015228382884543284 0.016185314136004755 2.0004938680389595
156 0.015228382884543284 0.016185314136004755 2.0004938680389595
157 0.015228382884543284 0.016185314136004755 2.0004938680389595
158 0.015228382884543284 0.016185314136004755 2.0004938680389595
159 0.015228382884543284 0.016185314136004755 2.0004938680389595
160 0.015228382884543284 0.016185314136004755 2.0004938680389595
161 0.015228382884543284 0.016185314136004755 2.0004938680389595
162 0.015228382884543284 0.016185314136004755 2.0004938680389595
163 0.015228382884543284 0.016185314136004755 2.0004938680389595
164 0.015228382884543284 0.016185314136004755 2.0004938680389595
165 0.015228382884543284 0.016185314136004755 2.0004938680389595
166 0.015228382884543284 0.016185314136004755 2.0004938680389595
167 0.015228382884543284 0.016185314136004755 2.0004938680389595
168 0.015228382884543284 0.016185314136004755 2.0004938680389595
169 0.015228382884543284 0.016185314136004755 2.0004938680389595
170 0.015228382884543284 0.016185314136004755 2.0004938680389595
171 0.015228382884543284 0.016185314136004755 2.0004938680389595
172 0.015228382884543284 0.016185314136004755 2.0004938680389595
173 0.015228382884543284 0.016185314136004755 2.0004938680389595
174 0.015228382884543284 0.016185314136004755 2.0004938680389595
175 0.015228382884543284 0.016185314136004755 2.0004938680389595
176 0.015228382884543284 0.016185314136004755 2.0004938680389595
177 0.015228382884543284 0.016185314136004755 2.0004938680389595
178 0.015228382884543284 0.016185314136004755 2.0004938680389595
179 0.015228382884543284 0.016185314136004755 2.0004938680389595
180 0.015228382884543284 0.016185314136004755 2.0004938680389595
181 0.015228382884543284 0.016185314136004755 2.0004938680389595
182 0.015228382884543284 0.016185314136004755 2.0004938680389595
183 0.015228382884543284 0.016185314136004755 2.0004938680389595
184 0.015228382884543284 0.016185314136004755 2.0004938680389595
185 0.015228382884543284 0.016185314136004755 2.0004938680389595
186 0.015228382884543284 0.016185314136004755 2.0004938680389595
187 0.015228382884543284 0.016185314136004755 2.0004938680389595
188 0.015228382884543284 0.016185314136004755 2.0004938680389595
189 0.015228382884543284 0.016185314136004755 2.0004938680389595
190 0.015228382884543284 0.016185314136004755 2.0004938680389595
191 0.015228382884543284 0.016185314136004755 2.0004938680389595
192 0.015228382884543284 0.016185314136004755 2.0004938680389595
193 0.015228382884543284 0.016185314136004755 2.0004938680389595
194 0.015228382884543284 0.016185314136004755 2.0004938680389595
195 0.015228382884543284 0.016185314136004755 2.0004938680389595
196 0.015228382884543284 0.016185314136004755 2.0004938680389595
197 0.015228382884543284 0.016185314136004755 2.0004938680389595
198 0.015228382884543284 0.016185314136004755 2.0004938680389595
199 0.015228382884543284 0.016185314136004755 2.0004938680389595
200 0.015228382884543284 0.016185314136004755 2.0004938680389595
