0 100.0 20.0 10402.0
1 99.95 20.0 10392.0025
2 99.9 20.0 10382.010000000002
3 99.85000000000001 20.0 10372.022500000001
4 99.80000000000001 20.0 10362.040000000003
5 99.75000000000001 20.0 10352.062500000004
6 99.70000000000002 20.0 10342.090000000004
7 99.65000000000002 20.0 10332.122500000003
8 99.60000000000002 20.0 10322.160000000005
9 99.55000000000003 20.0 10312.202500000005
10 99.50000000000003 20.0 10302.250000000005
11 99.45000000000003 20.0 10292.302500000007
12 99.40000000000003 20.0 10282.360000000006
13 99.35000000000004 20.0 10272.422500000008
14 99.30000000000004 20.0 10262.490000000007
15 99.25000000000004 20.0 10252.56250000001
16 99.20000000000005 20.0 10242.640000000009
17 99.15000000000005 20.0 10232.722500000009
18 99.10000000000005 20.0 10222.81000000001
19 99.05000000000005 20.0 10212.902500000011
20 99.00000000000006 20.0 10203.000000000011
21 98.95000000000006 20.0 10193.102500000012
22 98.90000000000006 20.0 10183.210000000012
23 98.85000000000007 20.0 10173.322500000013
24 98.80000000000007 20.0 10163.440000000013
25 98.75000000000007 20.0 10153.562500000015
26 98.70000000000007 20.0 10143.690000000015
27 98.65000000000008 20.0 10133.822500000015
28 98.60000000000008 20.0 10123.960000000015
29 98.55000000000008 20.0 10114.102500000015
30 98.50000000000009 20.0 10104.250000000016
31 98.45000000000009 20.0 10094.402500000017
32 98.40000000000009 20.0 10084.560000000018
33 98.3500000000001 20.0 10074.722500000018
34 98.3000000000001 20.0 10064.89000000002
35 98.2500000000001 20.0 10055.06250000002
36 98.2000000000001 20.0 10045.24000000002
37 98.1500000000001 20.0 10035.42250000002
38 98.10000000000011 20.0 10025.61000000002
39 98.05000000000011 20.0 10015.802500000022
40 98.00000000000011 20.0 10006.000000000022
41 97.95000000000012 20.0 9996.202500000023
42 97.90000000000012 20.0 9986.410000000024
43 97.85000000000012 20.0 9976.622500000023
44 97.80000000000013 20.0 9966.840000000024
45 97.75000000000013 20.0 9957.062500000025
46 97.70000000000013 20.0 9947.290000000026
47 97.65000000000013 20.0 9937.522500000026
48 97.60000000000014 20.0 9927.760000000028
49 97.55000000000014 20.0 9918.002500000028
50 97.50000000000014 20.0 9908.250000000027
51 97.45000000000014 20.0 9898.502500000028
52 97.40000000000015 20.0 9888.76000000003
53 97.35000000000015 20.0 9879.02250000003
54 97.30000000000015 20.0 9869.29000000003
55 97.25000000000016 20.0 9859.562500000031
56 97.20000000000016 20.0 9849.840000000031
57 97.15000000000016 20.0 9840.122500000032
58 97.10000000000016 20.0 9830.410000000033
59 97.05000000000017 20.0 9820.702500000032
60 97.00000000000017 20.0 9811.000000000033
61 96.95000000000017 20.0 9801.302500000034
62 96.90000000000018 20.0 9791.610000000033
63 96.85000000000018 20.0 9781.922500000035
64 96.80000000000018 20.0 9772.240000000034
65 96.75000000000018 20.0 9762.562500000036
66 96.70000000000019 20.0 9752.890000000036
67 96.65000000000019 20.0 9743.222500000036
68 96.6000000000002 20.0 9733.560000000038
69 96.5500000000002 20.0 9723.902500000038
70 96.5000000000002 20.0 9714.250000000038
71 96.4500000000002 20.0 9704.602500000039
72 96.4000000000002 20.0 9694.96000000004
73 96.35000000000021 20.0 9685.32250000004
74 96.30000000000021 20.0 9675.69000000004
75 96.25000000000021 20.0 9666.062500000042
76 96.20000000000022 20.0 9656.440000000042
77 96.15000000000022 20.0 9646.822500000042
78 96.10000000000022 20.0 9637.210000000043
79 96.05000000000022 20.0 9627.602500000043
80 96.00000000000023 20.0 9618.000000000044
81 95.95000000000023 20.0 9608.402500000044
82 95.90000000000023 20.0 9598.810000000045
83 95.85000000000024 20.0 9589.222500000045
84 95.80000000000024 20.0 9579.640000000045
85 95.75000000000024 20.0 9570.062500000045
86 95.70000000000024 20.0 9560.490000000047
87 95.65000000000025 20.0 9550.922500000048
88 95.60000000000025 20.0 9541.360000000048
89 95.55000000000025 20.0 9531.802500000049
90 95.50000000000026 20.0 9522.25000000005
91 95.45000000000026 20.0 9512.702500000049
92 95.40000000000026 20.0 9503.16000000005
93 95.35000000000026 20.0 9493.62250000005
94 95.30000000000027 20.0 9484.090000000051
95 95.25000000000027 20.0 9474.562500000051
96 95.20000000000027 20.0 9465.040000000052
97 95.15000000000028 20.0 9455.522500000052
98 95.10000000000028 20.0 9446.010000000053
99 95.05000000000028 20.0 9436.502500000053
100 95.00000000000028 20.0 9427.000000000055
101 94.95000000000029 20.0 9417.502500000055
102 94.90000000000029 20.0 9408.010000000055
103 94.85000000000029 20.0 9398.522500000056
104 94.8000000000003 20.0 9389.040000000055
105 94.7500000000003 20.0 9379.562500000056
106 94.7000000000003 20.0 9370.090000000057
107 94.6500000000003 20.0 9360.622500000058
108 94.6000000000003 20.0 9351.160000000058
109 94.55000000000031 20.0 9341.70250000006
110 94.50000000000031 20.0 9332.250000000058
111 94.45000000000032 20.0 9322.80250000006
112 94.40000000000032 20.0 9313.36000000006
113 94.35000000000032 20.0 9303.92250000006
114 94.30000000000032 20.0 9294.490000000062
115 94.25000000000033 20.0 9285.062500000062
116 94.20000000000033 20.0 9275.640000000061
117 94.15000000000033 20.0 9266.222500000064
118 94.10000000000034 20.0 9256.810000000063
119 94.05000000000034 20.0 9247.402500000064
120 94.00000000000034 20.0 9238.000000000064
121 93.95000000000034 20.0 9228.602500000065
122 93.90000000000035 20.0 9219.210000000065
123 93.85000000000035 20.0 9209.822500000066
124 93.80000000000035 20.0 9200.440000000066
125 93.75000000000036 20.0 9191.062500000067
126 93.70000000000036 20.0 9181.690000000068
127 93.65000000000036 20.0 9172.322500000068
128 93.60000000000036 20.0 9162.960000000068
129 93.55000000000037 20.0 9153.602500000068
130 93.50000000000037 20.0 9144.25000000007
131 93.45000000000037 20.0 9134.90250000007
132 93.40000000000038 20.0 9125.56000000007
133 93.35000000000038 20.0 9116.22250000007
134 93.30000000000038 20.0 9106.89000000007
135 93.25000000000038 20.0 9097.562500000071
136 93.20000000000039 20.0 9088.240000000073
137 93.15000000000039 20.0 9078.922500000073
138 93.10000000000039 20.0 9069.610000000073
139 93.0500000000004 20.0 9060.302500000074
140 93.0000000000004 20.0 9051.000000000075
141 92.9500000000004 20.0 9041.702500000074
142 92.9000000000004 20.0 9032.410000000074
143 92.8500000000004 20.0 9023.122500000076
144 92.80000000000041 20.0 9013.840000000077
145 92.75000000000041 20.0 9004.562500000076
146 92.70000000000041 20.0 8995.290000000077
147 92.65000000000042 20.0 8986.022500000077
148 92.60000000000042 20.0 8976.760000000078
149 92.55000000000042 20.0 8967.502500000079
150 92.50000000000043 20.0 8958.250000000078
151 92.45000000000043 20.0 8949.002500000079
152 92.40000000000043 20.0 8939.76000000008
153 92.35000000000043 20.0 8930.522500000081
154 92.30000000000044 20.0 8921.29000000008
155 92.25000000000044 20.0 8912.062500000082
156 92.20000000000044 20.0 8902.840000000082
157 92.15000000000045 20.0 8893.622500000081
158 92.10000000000045 20.0 8884.410000000084
159 92.05000000000045 20.0 8875.202500000083
160 92.00000000000045 20.0 8866.000000000084
161 91.95000000000046 20.0 8856.802500000083
162 91.90000000000046 20.0 8847.610000000084
163 91.85000000000046 20.0 8838.422500000084
164 91.80000000000047 20.0 8829.240000000085
165 91.75000000000047 20.0 8820.062500000085
166 91.70000000000047 20.0 8810.890000000087
167 91.65000000000047 20.0 8801.722500000087
168 91.60000000000048 20.0 8792.560000000087
169 91.55000000000048 20.0 8783.402500000087
170 91.50000000000048 20.0 8774.25000000009
171 91.45000000000049 20.0 8765.102500000088
172 91.40000000000049 20.0 8755.96000000009
173 91.35000000000049 20.0 8746.82250000009
174 91.3000000000005 20.0 8737.69000000009
175 91.2500000000005 20.0 8728.562500000091
176 91.2000000000005 20.0 8719.440000000091
177 91.1500000000005 20.0 8710.322500000091
178 91.1000000000005 20.0 8701.210000000092
179 91.05000000000051 20.0 8692.102500000092
180 91.00000000000051 20.0 8683.000000000093
181 90.95000000000051 20.0 8673.902500000093
182 90.90000000000052 20.0 8664.810000000094
183 90.85000000000052 20.0 8655.722500000094
184 90.80000000000052 20.0 8646.640000000096
185 90.75000000000053 20.0 8637.562500000095
186 90.70000000000053 20.0 8628.490000000096
187 90.65000000000053 20.0 8619.422500000097
188 90.60000000000053 20.0 8610.360000000097
189 90.55000000000054 20.0 8601.302500000098
190 90.50000000000054 20.0 8592.250000000098
191 90.45000000000054 20.0 8583.202500000098
192 90.40000000000055 20.0 8574.160000000098
193 90.35000000000055 20.0 8565.1225000001
194 90.30000000000055 20.0 8556.090000000098
195 90.25000000000055 20.0 8547.0625000001
196 90.20000000000056 20.0 8538.040000000101
197 90.15000000000056 20.0 8529.022500000101
198 90.10000000000056 20.0 8520.0100000001
199 90.05000000000057 20.0 8511.0025000001
200 90.00000000000057 20.0 8502.000000000102
