0 100.0 20.0 10402.0
1 90.00000000000007 17.99999999999999 8426.000000000013
2 81.00000000000003 16.19999999999999 6825.440000000004
3 72.89999999999989 14.580000000000018 5528.986399999985
4 65.60999999999996 13.12200000000001 4478.858983999995
5 59.04899999999987 11.809800000000017 3628.2557770399853
6 53.14409999999986 10.628820000000015 2939.2671794023854
7 47.82968999999987 9.565938000000001 2381.1864153159318
8 43.04672099999992 8.60934419999999 1929.1409964059076
9 38.742048899999936 7.748409779999982 1562.9842070887855
10 34.86784400999997 6.9735688019999795 1266.3972077419185
11 31.381059608998687 6.276211921799991 1026.1617382708732
12 28.242953648098812 5.648590729619975 831.5710079994067
13 25.418658283288927 5.083731656658401 673.9525164795236
14 22.87679245496004 4.575358490992549 546.2815383484142
15 20.589113209464035 4.1178226418932935 442.8680460622155
16 18.530201888517624 3.706040377703966 359.1031173103943
17 16.67718169966586 3.3354363399335742 291.25352502141925
18 15.009463529699271 3.0018927059402163 236.29535526734958
19 13.508517176729343 2.7017034353461953 191.77923776655314
20 12.157665459056407 2.4315330918115072 155.72118259090763
21 10.941898913150766 2.1883797826303595 126.51415789863522
22 9.847709021835687 1.969541804367322 102.85646789789448
23 8.862938119652126 1.7725876239305893 83.69373899729466
24 7.976644307686909 1.5953288615375305 68.1719285878086
25 7.178979876918218 1.4357959753837852 55.599262156124986
26 6.461081889226397 1.2922163778454063 45.41540234646124
27 5.8149737003037565 1.1629947400608667 37.1664759006336
28 5.233476330273381 1.0466952660547808 30.48484547951322
29 4.710128697246042 0.9420257394493026 25.07272483840571
30 4.239115827521438 0.8478231655043722 20.68890711910862
31 3.815204244769295 0.7630408489539349 17.138014766477987
32 3.43368382029234 0.6867367640585413 14.261791960846995
33 3.090315438263106 0.6180630876526876 11.932051488286069
34 2.781283894436795 0.556256778887419 10.044961705511712
35 2.5031555049931153 0.5006311009986717 8.516418981464481
36 2.252839954493804 0.45056799089880456 7.278299374986229
37 2.0275559590444234 0.4055111918089241 6.275422493738846
38 1.824800363139981 0.36496007262803154 5.463092219928464
39 1.6423203268259836 0.3284640653652279 4.805104698142058
40 1.478088294143385 0.29561765882870505 4.2721348054950665
41 1.3302794647290463 0.2660558929458347 3.8404291924510034
42 1.1972515182561416 0.23945030365125125 3.4907476458853126
43 1.0775263664305275 0.2155052732861261 3.2075055931671033
44 0.9697737297874747 0.19395474595751344 2.9780795304653536
45 0.8727963568087298 0.1745592713617622 2.792244419676941
46 0.7855167211278568 0.157103344225586 2.641717979938322
47 0.7069650490150711 0.14139300980302738 2.519791563750041
48 0.6362685441135639 0.12725370882272466 2.4210311666375333
49 0.5726416897022076 0.1145283379404522 2.341035244976402
50 0.5153775207319867 0.10307550414640694 2.2762385484308854
51 0.46383976865878807 0.09276795373176625 2.223753224229017
52 0.4174557917929092 0.08349115835858965 2.181240111625504
53 0.3757102126136183 0.0751420425227313 2.1468044904166583
54 0.3381391913522564 0.06762783827045814 2.118911637237493
55 0.3043252722170307 0.06086505444341231 2.0963184261623695
56 0.2738927449953276 0.054778548999071176 2.0780179251915194
57 0.24650347049579485 0.049300694099164134 2.0631945194051307
58 0.22185312344621536 0.044370624689247684 2.0511875607181556
59 0.19966781110159382 0.03993356222032291 2.0414619241817062
60 0.17970102999143445 0.03594020599829059 2.033584158587182
61 0.16173092699229097 0.03234618539846154 2.0272031684556175
62 0.14555783429306327 0.029111566858615393 2.0220345664490504
63 0.13100205086375694 0.026200410172753843 2.017847998823731
64 0.11790184577738129 0.023580369155478467 2.014456879047222
65 0.10611166119964316 0.02122233223993061 2.01171007202825
66 0.09550049507967887 0.019100099015937556 2.0094851583428825
67 0.085950445571711 0.017190089114343797 2.007682978257735
68 0.07735540101453985 0.015471080202909424 2.006223212388765
69 0.06961986091308695 0.013923972182618542 2.0050408020349
70 0.06265787482177824 0.012531574964356109 2.004083049648269
71 0.056392087339600445 0.01127841746792049 2.003307270215098
72 0.050752878605640435 0.010150575721128431 2.0026788888742293
73 0.045677590745076886 0.009135518149015722 2.0021698999881257
74 0.04110983167056969 0.008221966334114142 2.001757618990382
75 0.036998848503512774 0.007399769700702751 2.0014236713822093
76 0.03329896365316126 0.0066597927306324845 2.0011531738195893
77 0.029969067287845153 0.00599381345756926 2.0009340707938676
78 0.026972160559060654 0.005394432111812328 2.000756597343033
79 0.02427494450315459 0.004854988900630949 2.0006128438478563
80 0.0218474500528391 0.004369490010567709 2.0004964035167636
81 0.019662705047555226 0.003932541009510935 2.000402086848579
82 0.017696434542799632 0.003539286908559857 2.0003256903473488
83 0.01592679108851973 0.0031853582177035927 2.0002638091813525
84 0.014334111979666539 0.0028668223959329546 2.0002136854368953
85 0.012900700781699932 0.0025801401563396503 2.0001730852038855
86 0.011610630703529985 0.002322126140705661 2.000140199015147
87 0.010449567633177032 0.002089913526634502 2.0001135612022694
88 0.009404610869859279 0.0018809221739710818 2.000091984573838
89 0.008464149782873326 0.0016928299565739972 2.000074507504809
90 0.007617734804586623 0.001523546960916605 2.0000603510788952
91 0.006855961324127951 0.001371192264824089 2.0000488843739053
92 0.006170365191715204 0.001234073038341691 2.000039596342863
93 0.005553328672543694 0.0011106657345075132 2.000032073037719
94 0.004997995805289273 0.0009995991610567002 2.0000259791605526
95 0.004498196224760347 0.0008996392449510005 2.0000210431200474
96 0.004048376602284377 0.0008096753204561047 2.0000170449272385
97 0.003643538942055925 0.0007287077884106985 2.0000138063910633
98 0.003279185047850357 0.0006558370095696392 2.000011183176761
99 0.002951266543064472 0.0005902533086127297 2.0000090583731764
100 0.002656139888758028 0.000531227977751473 2.000007337282273
101 0.002390525899882371 0.0004781051799763384 2.0000059431986412
102 0.0021514733098939955 0.000430294661978379 2.0000048139908992
103 0.0019363259789045995 0.00038726519578057087 2.0000038993326283
104 0.0017426933810114431 0.00034853867620248844 2.000003158459429
105 0.0015684240429103024 0.00031368480858218927 2.0000025583521377
106 0.0014115816386192624 0.00028231632772331605 2.0000020722652314
107 0.0012704234747573527 0.0002540846949548776 2.0000016785348373
108 0.0011433811272816162 0.00022867622545937505 2.0000013596132185
109 0.0010290430145534534 0.00020580860291342275 2.0000011012867067
110 0.0009261387130965791 0.0001852277426220479 2.0000008920422325
111 0.0008335248417853922 0.00016670496835981805 2.0000007225542085
112 0.0007501723576068713 0.00015003447152334967 2.000000585268909
113 0.000675155121848448 0.000135031024371665 2.000000474067816
114 0.0006076396096658669 0.00012152792193458037 2.000000383994931
115 0.0005468756486992506 0.00010937512974111538 2.000000311035894
116 0.0004921880838293243 9.843761676710196e-05 2.000000251939074
117 0.00044296927544637397 8.859385509038149e-05 2.00000020407065
118 0.0003986723479016671 7.973446958135643e-05 2.0000001652972266
119 0.0003588051131117861 7.176102262338024e-05 2.0000001338907536
120 0.00032292460179805105 6.458492036091745e-05 2.0000001084515104
121 0.0002906321416182082 5.812642832480753e-05 2.0000000878457236
122 0.00026156892745639635 5.231378549232636e-05 2.000000071155036
123 0.00023541203471076397 4.708240694312878e-05 2.000000057635579
124 0.00021187083123962278 4.23741662488038e-05 2.000000046684819
125 0.00019068374811595897 3.813674962463947e-05 2.0000000378147034
126 0.00017161537330437734 3.432307466232314e-05 2.0000000306299097
127 0.00015445383597395386 3.0890767196078595e-05 2.0000000248102268
128 0.00013900845237654723 2.780169047656604e-05 2.0000000200962837
129 0.00012510760713890066 2.5021521428699406e-05 2.00000001627799
130 0.00011259684642500987 2.251936928632981e-05 2.0000000131851716
131 0.00010133716178251324 2.0267432357598553e-05 2.0000000106799893
132 9.12034456042585e-05 1.824068912183876e-05 2.000000008650791
133 8.208310104361603e-05 1.6416620209656974e-05 2.000000007007141
134 7.387479093934961e-05 1.477495818869858e-05 2.0000000056757843
135 6.648731184541162e-05 1.329746236985176e-05 2.000000004597385
136 5.983858065846931e-05 1.1967716132463296e-05 2.000000003723882
137 5.385472259261931e-05 1.077094451909808e-05 2.0000000030163445
138 4.846925033336319e-05 9.693850066358677e-06 2.000000002443239
139 4.362232529993641e-05 8.72446505972218e-06 2.0000000019790236
140 3.926009276989455e-05 7.852018553749334e-06 2.0000000016030093
141 3.5334083492926464e-05 7.0668166983920315e-06 2.0000000012984374
142 3.180067514372755e-05 6.360135029120684e-06 2.0000000010517343
143 2.8620607629341977e-05 5.724121526286186e-06 2.0000000008519048
144 2.5758546866377174e-05 5.151709373659201e-06 2.0000000006900427
145 2.318269217973237e-05 4.636538436282904e-06 2.0000000005589347
146 2.0864422960828493e-05 4.172884592786345e-06 2.000000000452737
147 1.8777980664738708e-05 3.7555961335362624e-06 2.000000000366717
148 1.6900182598241893e-05 3.380036520209327e-06 2.0000000002970406
149 1.5210164338416271e-05 3.0420328681770575e-06 2.000000000240603
150 1.3689147904546567e-05 2.737829582326822e-06 2.0000000001948885
151 1.2320233114153637e-05 2.46404662406685e-06 2.0000000001578595
152 1.1088209802801876e-05 2.217641961703838e-06 2.000000000127866
153 9.979388822524007e-06 1.99587776554166e-06 2.000000000103572
154 8.981449940415845e-06 1.7962899888358483e-06 2.000000000083893
155 8.083304946362706e-06 1.6166609899240542e-06 2.000000000067953
156 7.274974451733963e-06 1.4549948911282804e-06 2.000000000055042
157 6.547477006692882e-06 1.309495402048963e-06 2.0000000000445843
158 5.8927293060138e-06 1.178545861771038e-06 2.0000000000361133
159 5.30345637547368e-06 1.0606912759472313e-06 2.0000000000292517
160 4.773110733582208e-06 9.546221484215882e-07 2.000000000023694
161 4.2957996604273566e-06 8.591599335774551e-07 2.000000000019192
162 3.86621969437831e-06 7.732439402038808e-07 2.0000000000155453
163 3.4795977248945633e-06 6.959195462302351e-07 2.0000000000125917
164 3.131637952454775e-06 6.263275916535041e-07 2.0000000000101994
165 2.818474157203405e-06 5.636948325854665e-07 2.0000000000082614
166 2.5366267414860427e-06 5.07325349282216e-07 2.000000000006692
167 2.2829640673315446e-06 4.565928139539365e-07 2.0000000000054206
168 2.0546676606043936e-06 4.109335325611807e-07 2.0000000000043907
169 1.8492008945143812e-06 3.698401793076511e-07 2.0000000000035563
170 1.6642808050511566e-06 3.3285616132618373e-07 2.000000000002881
171 1.4978527245488718e-06 2.995705451961538e-07 2.0000000000023332
172 1.348067452096964e-06 2.696134906702451e-07 2.00000000000189
173 1.2132607068615423e-06 2.4265214160580903e-07 2.0000000000015308
174 1.0919346366044871e-06 2.1838692741228946e-07 2.00000000000124
175 9.827411730887323e-07 1.965482315827881e-07 2.0000000000010045
176 8.844670558020898e-07 1.7689340874684196e-07 2.0000000000008136
177 7.960203501981613e-07 1.5920406791027336e-07 2.000000000000659
178 7.164183157230599e-07 1.432836587415163e-07 2.000000000000534
179 6.447764842711167e-07 1.2895529731084523e-07 2.0000000000004325
180 5.802988357431311e-07 1.1605976756607998e-07 2.0000000000003504
181 5.222689521797743e-07 1.0445379094188393e-07 2.0000000000002838
182 4.700420569714594e-07 9.400841198010749e-08 2.0000000000002296
183 4.2303785128814816e-07 8.460757083018717e-08 2.000000000000186
184 3.8073406947723307e-07 7.614681446800414e-08 2.0000000000001505
185 3.4266066252916974e-07 6.853213301728069e-08 2.000000000000122
186 3.08394596278049e-07 6.16789199091651e-08 2.000000000000099
187 2.7755513658108005e-07 5.551102811186105e-08 2.00000000000008
188 2.4979962302094266e-07 4.9959927199589985e-08 2.000000000000065
189 2.2481966074448138e-07 4.496393637854602e-08 2.0000000000000524
190 2.0233769467949157e-07 4.04675423658697e-08 2.0000000000000426
191 1.821039251751618e-07 3.642078814525952e-08 2.0000000000000346
192 1.6389353269222748e-07 3.277870932894678e-08 2.000000000000028
193 1.475041795287235e-07 2.9500838376525248e-08 2.0000000000000226
194 1.327537615749885e-07 2.6550755887119488e-08 2.000000000000018
195 1.1947838539886342e-07 2.3895680242345538e-08 2.0000000000000147
196 1.0753054676929658e-07 2.1506112232215075e-08 2.000000000000012
197 9.677749214479498e-08 1.9355501165206207e-08 2.0000000000000098
198 8.70997409221696e-08 1.741995104502611e-08 2.000000000000008
199 7.838976684683061e-08 1.567795605232722e-08 2.000000000000006
200 7.055079014960415e-08 1.4110160440419539e-08 2.0000000000000053
yes
