0 1.0 2.0 7.0
1 1.0 1.95 6.8025
2 1.0 1.9 6.609999999999999
3 1.0 1.8499999999999999 6.422499999999999
4 1.0 1.7999999999999998 6.239999999999999
5 1.0 1.7499999999999998 6.062499999999999
6 1.0 1.6999999999999997 5.889999999999999
7 1.0 1.6499999999999997 5.722499999999998
8 1.0 1.5999999999999996 5.559999999999999
9 1.0 1.5499999999999996 5.402499999999999
10 1.0 1.4999999999999996 5.249999999999998
11 1.0 1.4499999999999995 5.102499999999999
12 1.0 1.3999999999999995 4.959999999999998
13 1.0 1.3499999999999994 4.822499999999998
14 1.0 1.2999999999999994 4.689999999999999
15 1.0 1.2499999999999993 4.562499999999998
16 1.0 1.1999999999999993 4.439999999999999
17 1.0 1.1499999999999992 4.322499999999998
18 1.0 1.0999999999999992 4.209999999999998
19 1.0 1.0499999999999992 4.102499999999998
20 1.0 0.9999999999999991 3.9999999999999982
21 0.95 0.9999999999999991 3.902499999999998
22 0.95 0.9499999999999991 3.804999999999998
23 0.8999999999999999 0.9499999999999991 3.712499999999998
24 0.8999999999999999 0.899999999999999 3.6199999999999983
25 0.8499999999999999 0.899999999999999 3.532499999999998
26 0.8499999999999999 0.849999999999999 3.444999999999998
27 0.7999999999999998 0.849999999999999 3.362499999999998
28 0.7999999999999998 0.7999999999999989 3.279999999999998
29 0.7499999999999998 0.7999999999999989 3.202499999999998
30 0.7499999999999998 0.7499999999999989 3.1249999999999982
31 0.6999999999999997 0.7499999999999989 3.052499999999998
32 0.6999999999999997 0.6999999999999988 2.9799999999999978
33 0.6499999999999997 0.6999999999999988 2.912499999999998
34 0.6499999999999997 0.6499999999999988 2.844999999999998
35 0.5999999999999996 0.6499999999999988 2.782499999999998
36 0.5999999999999996 0.5999999999999988 2.719999999999998
37 0.5499999999999996 0.5999999999999988 2.662499999999998
38 0.5499999999999996 0.5499999999999987 2.604999999999998
39 0.4999999999999996 0.5499999999999987 2.5524999999999984
40 0.4999999999999996 0.4999999999999987 2.4999999999999982
41 0.4499999999999996 0.4999999999999987 2.4524999999999983
42 0.4499999999999996 0.44999999999999873 2.4049999999999985
43 0.39999999999999963 0.44999999999999873 2.3624999999999985
44 0.39999999999999963 0.39999999999999875 2.3199999999999985
45 0.34999999999999964 0.39999999999999875 2.282499999999999
46 0.34999999999999964 0.34999999999999876 2.2449999999999988
47 0.29999999999999966 0.34999999999999876 2.212499999999999
48 0.29999999999999966 0.29999999999999877 2.179999999999999
49 0.24999999999999967 0.29999999999999877 2.152499999999999
50 0.24999999999999967 0.24999999999999878 2.124999999999999
51 0.19999999999999968 0.24999999999999878 2.102499999999999
52 0.19999999999999968 0.1999999999999988 2.079999999999999
53 0.1499999999999997 0.1999999999999988 2.0624999999999996
54 0.1499999999999997 0.1499999999999988 2.0449999999999995
55 0.09999999999999969 0.1499999999999988 2.0324999999999998
56 0.09999999999999969 0.0999999999999988 2.0199999999999996
57 0.049999999999999684 0.0999999999999988 2.0124999999999997
58 0.049999999999999684 0.049999999999998795 2.005
59 -3.191891195797325e-16 0.049999999999998795 2.0025
60 -3.191891195797325e-16 -1.2073675392798577e-15 2.0
61 -3.191891195797325e-16 -1.2073675392798577e-15 2.0
