0 1.0 2.0 7.0
1 0.95 2.0 6.9025
2 0.95 1.95 6.705
3 0.8999999999999999 1.95 6.6125
4 0.8999999999999999 1.9 6.42
5 0.8499999999999999 1.9 6.3325
6 0.8499999999999999 1.8499999999999999 6.145
7 0.7999999999999998 1.8499999999999999 6.062499999999999
8 0.7999999999999998 1.7999999999999998 5.879999999999999
9 0.7499999999999998 1.7999999999999998 5.802499999999998
10 0.7499999999999998 1.7499999999999998 5.624999999999998
11 0.6999999999999997 1.7499999999999998 5.552499999999998
12 0.6999999999999997 1.6999999999999997 5.379999999999999
13 0.6499999999999997 1.6999999999999997 5.312499999999998
14 0.6499999999999997 1.6499999999999997 5.144999999999998
15 0.5999999999999996 1.6499999999999997 5.082499999999998
16 0.5999999999999996 1.5999999999999996 4.919999999999998
17 0.5499999999999996 1.5999999999999996 4.862499999999998
18 0.5499999999999996 1.5499999999999996 4.704999999999998
19 0.4999999999999996 1.5499999999999996 4.652499999999998
20 0.4999999999999996 1.4999999999999996 4.499999999999998
21 0.4499999999999996 1.4999999999999996 4.452499999999999
22 0.4499999999999996 1.4499999999999995 4.304999999999998
23 0.39999999999999963 1.4499999999999995 4.262499999999998
24 0.39999999999999963 1.3999999999999995 4.119999999999998
25 0.34999999999999964 1.3999999999999995 4.082499999999998
26 0.34999999999999964 1.3499999999999994 3.9449999999999985
27 0.29999999999999966 1.3499999999999994 3.9124999999999983
28 0.29999999999999966 1.2999999999999994 3.7799999999999985
29 0.24999999999999967 1.2999999999999994 3.752499999999998
30 0.24999999999999967 1.2499999999999993 3.6249999999999982
31 0.19999999999999968 1.2499999999999993 3.6024999999999983
32 0.19999999999999968 1.1999999999999993 3.479999999999998
33 0.1499999999999997 1.1999999999999993 3.4624999999999986
34 0.1499999999999997 1.1499999999999992 3.344999999999998
35 0.09999999999999969 1.1499999999999992 3.3324999999999982
36 0.09999999999999969 1.0999999999999992 3.219999999999998
37 0.049999999999999684 1.0999999999999992 3.212499999999998
38 0.049999999999999684 1.0499999999999992 3.104999999999998
39 -3.191891195797325e-16 1.0499999999999992 3.1024999999999983
40 -3.191891195797325e-16 0.9999999999999991 2.9999999999999982
41 -3.191891195797325e-16 0.9999999999999991 2.9999999999999982
42 -3.191891195797325e-16 0.9499999999999991 2.902499999999998
43 -3.191891195797325e-16 0.9499999999999991 2.902499999999998
44 -3.191891195797325e-16 0.899999999999999 2.8099999999999983
45 -3.191891195797325e-16 0.899999999999999 2.8099999999999983
46 -3.191891195797325e-16 0.849999999999999 2.7224999999999984
47 -3.191891195797325e-16 0.849999999999999 2.7224999999999984
48 -3.191891195797325e-16 0.7999999999999989 2.6399999999999983
49 -3.191891195797325e-16 0.7999999999999989 2.6399999999999983
50 -3.191891195797325e-16 0.7499999999999989 2.5624999999999982
51 -3.191891195797325e-16 0.7499999999999989 2.5624999999999982
52 -3.191891195797325e-16 0.6999999999999988 2.4899999999999984
53 -3.191891195797325e-16 0.6999999999999988 2.4899999999999984
54 -3.191891195797325e-16 0.6499999999999988 2.4224999999999985
55 -3.191891195797325e-16 0.6499999999999988 2.4224999999999985
56 -3.191891195797325e-16 0.5999999999999988 2.3599999999999985
57 -3.191891195797325e-16 0.5999999999999988 2.3599999999999985
58 -3.191891195797325e-16 0.5499999999999987 2.3024999999999984
59 -3.191891195797325e-16 0.5499999999999987 2.3024999999999984
60 -3.191891195797325e-16 0.4999999999999987 2.2499999999999987
61 -3.191891195797325e-16 0.4999999999999987 2.2499999999999987
62 -3.191891195797325e-16 0.44999999999999873 2.202499999999999
63 -3.191891195797325e-16 0.44999999999999873 2.202499999999999
64 -3.191891195797325e-16 0.39999999999999875 2.159999999999999
65 -3.191891195797325e-16 0.39999999999999875 2.159999999999999
66 -3.191891195797325e-16 0.34999999999999876 2.122499999999999
67 -3.191891195797325e-16 0.34999999999999876 2.122499999999999
68 -3.191891195797325e-16 0.29999999999999877 2.0899999999999994
69 -3.191891195797325e-16 0.29999999999999877 2.0899999999999994
70 -3.191891195797325e-16 0.24999999999999878 2.0624999999999996
71 -3.191891195797325e-16 0.24999999999999878 2.0624999999999996
72 -3.191891195797325e-16 0.1999999999999988 2.0399999999999996
73 -3.191891195797325e-16 0.1999999999999988 2.0399999999999996
74 -3.191891195797325e-16 0.1499999999999988 2.0224999999999995
75 -3.191891195797325e-16 0.1499999999999988 2.0224999999999995
76 -3.191891195797325e-16 0.0999999999999988 2.01
77 -3.191891195797325e-16 0.0999999999999988 2.01
78 -3.191891195797325e-16 0.049999999999998795 2.0025
79 -3.191891195797325e-16 0.049999999999998795 2.0025
80 -3.191891195797325e-16 -1.2073675392798577e-15 2.0
81 -3.191891195797325e-16 -1.2073675392798577e-15 2.0
82 -3.191891195797325e-16 -1.2073675392798577e-15 2.0
