0 1.0 2.03 7.120899999999999
1 0.9827772811622093 1.9830598470833931 6.898377541482995
2 0.9611391029528809 1.937984474164455 6.6795721973275475
3 0.9245363556577942 1.9039221945805511 6.479687195949418
4 0.9048224118607014 1.8579726524722224 6.270765974340083
5 0.8772523087293056 1.8162606708203732 6.068374437539769
6 0.8646697905041145 1.7678697601540845 5.873017335477689
7 0.8421401297006722 1.7232332909379622 5.6787329730491445
8 0.8240824534767256 1.6766079723933012 5.490126183220996
9 0.7982232776578061 1.6338142459142224 5.30650939114703
10 0.7883362656646964 1.5848015231389256 5.133069935505617
11 0.7798536349864796 1.5355263267742538 4.966012792218458
12 0.7721846952532537 1.486117953360751 4.804815774884507
13 0.7459189409432582 1.4435725640626502 4.640296814172326
14 0.7244675140219452 1.398408017313684 4.480398161760325
15 0.6952377806638255 1.35784174206178 4.327089768147731
16 0.6718267634526942 1.3136611549998123 4.177056830246763
17 0.6427861395672103 1.2729592857019303 4.033599364274486
18 0.6210345997606961 1.2279385069875897 3.893516951042839
19 0.5973968061039291 1.1838788348253946 3.7584520394907095
20 0.5879224942685191 1.1347846659736316 3.6333890973958036
21 0.566154698888866 1.0897717446697486 3.5081335985544904
22 0.5381423327206867 1.0483554756241207 3.3886463735371386
23 0.5208121569858126 1.0014548891779111 3.274157197922557
24 0.4879551731250177 0.9637664478255354 3.1669460169337165
25 0.4727248617161231 0.9161425293140554 3.062785928902483
26 0.4570596441940742 0.8686598908028386 2.9634735242404133
27 0.42580598196553 0.8296315857242924 2.869599302309033
28 0.4069033262420974 0.7833423903694217 2.779195617456562
29 0.39143711507179685 0.735794558536249 2.6946166474272846
30 0.3587477387722385 0.6979606494447227 2.6158490082474932
31 0.3377443289496451 0.6525860224399286 2.539939748421613
32 0.32765739884066336 0.60361405248796 2.471709295375967
33 0.29944203021761434 0.5623358139903513 2.4058870971570374
34 0.2783621874409684 0.5169966451789153 2.344771038523174
35 0.2530552078042698 0.47387406661886483 2.2885935692107626
36 0.24158233446477248 0.4252081321540274 2.239163979975366
37 0.22516381796726953 0.37798067916298395 2.1935681387421084
38 0.20169517398395573 0.3338306763364329 2.152123863671658
39 0.1944604530054987 0.284356856872358 2.1186736898334306
40 0.16585230829501085 0.2433498567842781 2.086726140963712
41 0.13340661297239287 0.20530676470395626 2.0599481920179716
42 0.10457857804591483 0.16445404873209263 2.037981813130483
43 0.08623626617084111 0.11793996919613353 2.021346529937073
44 0.04899650305490905 0.08457531659687414 2.009553641489071
45 0.030129539502703112 0.03827156203723036 2.0023725016114144
46 -0.0006175212128286499 -0.001157085636198714 2.000001720179618
47 -0.0006175212128286499 -0.001157085636198714 2.000001720179618
48 -0.0006175212128286499 -0.001157085636198714 2.000001720179618
49 -0.0006175212128286499 -0.001157085636198714 2.000001720179618
50 -0.0006175212128286499 -0.001157085636198714 2.000001720179618
51 -0.0006175212128286499 -0.001157085636198714 2.000001720179618
52 -0.0006175212128286499 -0.001157085636198714 2.000001720179618
53 -0.0006175212128286499 -0.001157085636198714 2.000001720179618
54 -0.0006175212128286499 -0.001157085636198714 2.000001720179618
55 -0.0006175212128286499 -0.001157085636198714 2.000001720179618
56 -0.0006175212128286499 -0.001157085636198714 2.000001720179618
57 -0.0006175212128286499 -0.001157085636198714 2.000001720179618
58 -0.0006175212128286499 -0.001157085636198714 2.000001720179618
59 -0.0006175212128286499 -0.001157085636198714 2.000001720179618
60 -0.0006175212128286499 -0.001157085636198714 2.000001720179618
61 -0.0006175212128286499 -0.001157085636198714 2.000001720179618
62 -0.0006175212128286499 -0.001157085636198714 2.000001720179618
63 -0.0006175212128286499 -0.001157085636198714 2.000001720179618
64 -0.0006175212128286499 -0.001157085636198714 2.000001720179618
65 -0.0006175212128286499 -0.001157085636198714 2.000001720179618
66 -0.0006175212128286499 -0.001157085636198714 2.000001720179618
67 -0.0006175212128286499 -0.001157085636198714 2.000001720179618
68 -0.0006175212128286499 -0.001157085636198714 2.000001720179618
69 -0.0006175212128286499 -0.001157085636198714 2.000001720179618
70 -0.0006175212128286499 -0.001157085636198714 2.000001720179618
71 -0.0006175212128286499 -0.001157085636198714 2.000001720179618
72 -0.0006175212128286499 -0.001157085636198714 2.000001720179618
73 -0.0006175212128286499 -0.001157085636198714 2.000001720179618
74 -0.0006175212128286499 -0.001157085636198714 2.000001720179618
75 -0.0006175212128286499 -0.001157085636198714 2.000001720179618
76 -0.0006175212128286499 -0.001157085636198714 2.000001720179618
77 -0.0006175212128286499 -0.001157085636198714 2.000001720179618
78 -0.0006175212128286499 -0.001157085636198714 2.000001720179618
79 -0.0006175212128286499 -0.001157085636198714 2.000001720179618
80 -0.0006175212128286499 -0.001157085636198714 2.000001720179618
81 -0.0006175212128286499 -0.001157085636198714 2.000001720179618
82 -0.0006175212128286499 -0.001157085636198714 2.000001720179618
83 -0.0006175212128286499 -0.001157085636198714 2.000001720179618
84 -0.0006175212128286499 -0.001157085636198714 2.000001720179618
85 -0.0006175212128286499 -0.001157085636198714 2.000001720179618
86 -0.0006175212128286499 -0.001157085636198714 2.000001720179618
87 -0.0006175212128286499 -0.001157085636198714 2.000001720179618
88 -0.0006175212128286499 -0.001157085636198714 2.000001720179618
89 -0.0006175212128286499 -0.001157085636198714 2.000001720179618
90 -0.0006175212128286499 -0.001157085636198714 2.000001720179618
91 -0.0006175212128286499 -0.001157085636198714 2.000001720179618
92 -0.0006175212128286499 -0.001157085636198714 2.000001720179618
93 -0.0006175212128286499 -0.001157085636198714 2.000001720179618
94 -0.0006175212128286499 -0.001157085636198714 2.000001720179618
95 -0.0006175212128286499 -0.001157085636198714 2.000001720179618
96 -0.0006175212128286499 -0.001157085636198714 2.000001720179618
97 -0.0006175212128286499 -0.001157085636198714 2.000001720179618
98 -0.0006175212128286499 -0.001157085636198714 2.000001720179618
99 -0.0006175212128286499 -0.001157085636198714 2.000001720179618
100 -0.0006175212128286499 -0.001157085636198714 2.000001720179618
101 -0.0006175212128286499 -0.001157085636198714 2.000001720179618
102 -0.0006175212128286499 -0.001157085636198714 2.000001720179618
103 -0.0006175212128286499 -0.001157085636198714 2.000001720179618
104 -0.0006175212128286499 -0.001157085636198714 2.000001720179618
105 -0.0006175212128286499 -0.001157085636198714 2.000001720179618
106 -0.0006175212128286499 -0.001157085636198714 2.000001720179618
107 -0.0006175212128286499 -0.001157085636198714 2.000001720179618
108 -0.0006175212128286499 -0.001157085636198714 2.000001720179618
109 -0.0006175212128286499 -0.001157085636198714 2.000001720179618
110 -0.0006175212128286499 -0.001157085636198714 2.000001720179618
111 -0.0006175212128286499 -0.001157085636198714 2.000001720179618
112 -0.0006175212128286499 -0.001157085636198714 2.000001720179618
113 -0.0006175212128286499 -0.001157085636198714 2.000001720179618
114 -0.0006175212128286499 -0.001157085636198714 2.000001720179618
115 -0.0006175212128286499 -0.001157085636198714 2.000001720179618
116 -0.0006175212128286499 -0.001157085636198714 2.000001720179618
117 -0.0006175212128286499 -0.001157085636198714 2.000001720179618
118 -0.0006175212128286499 -0.001157085636198714 2.000001720179618
119 -0.0006175212128286499 -0.001157085636198714 2.000001720179618
120 -0.0006175212128286499 -0.001157085636198714 2.000001720179618
121 -0.0006175212128286499 -0.001157085636198714 2.000001720179618
122 -0.0006175212128286499 -0.001157085636198714 2.000001720179618
123 -0.0006175212128286499 -0.001157085636198714 2.000001720179618
124 -0.0006175212128286499 -0.001157085636198714 2.000001720179618
125 -0.0006175212128286499 -0.001157085636198714 2.000001720179618
126 -0.0006175212128286499 -0.001157085636198714 2.000001720179618
127 -0.0006175212128286499 -0.001157085636198714 2.000001720179618
128 -0.0006175212128286499 -0.001157085636198714 2.000001720179618
129 -0.0006175212128286499 -0.001157085636198714 2.000001720179618
130 -0.0006175212128286499 -0.001157085636198714 2.000001720179618
131 -0.0006175212128286499 -0.001157085636198714 2.000001720179618
132 -0.0006175212128286499 -0.001157085636198714 2.000001720179618
133 -0.0006175212128286499 -0.001157085636198714 2.000001720179618
134 -0.0006175212128286499 -0.001157085636198714 2.000001720179618
135 -0.0006175212128286499 -0.001157085636198714 2.000001720179618
136 -0.0006175212128286499 -0.001157085636198714 2.000001720179618
137 -0.0006175212128286499 -0.001157085636198714 2.000001720179618
138 -0.0006175212128286499 -0.001157085636198714 2.000001720179618
139 -0.0006175212128286499 -0.001157085636198714 2.000001720179618
140 -0.0006175212128286499 -0.001157085636198714 2.000001720179618
141 -0.0006175212128286499 -0.001157085636198714 2.000001720179618
142 -0.0006175212128286499 -0.001157085636198714 2.000001720179618
143 -0.0006175212128286499 -0.001157085636198714 2.000001720179618
144 -0.0006175212128286499 -0.001157085636198714 2.000001720179618
145 -0.0006175212128286499 -0.001157085636198714 2.000001720179618
146 -0.0006175212128286499 -0.001157085636198714 2.000001720179618
147 -0.0006175212128286499 -0.001157085636198714 2.000001720179618
148 -0.0006175212128286499 -0.001157085636198714 2.000001720179618
149 -0.0006175212128286499 -0.001157085636198714 2.000001720179618
150 -0.0006175212128286499 -0.001157085636198714 2.000001720179618
151 -0.0006175212128286499 -0.001157085636198714 2.000001720179618
152 -0.0006175212128286499 -0.001157085636198714 2.000001720179618
153 -0.0006175212128286499 -0.001157085636198714 2.000001720179618
154 -0.0006175212128286499 -0.001157085636198714 2.000001720179618
155 -0.0006175212128286499 -0.001157085636198714 2.000001720179618
156 -0.0006175212128286499 -0.001157085636198714 2.000001720179618
157 -0.0006175212128286499 -0.001157085636198714 2.000001720179618
158 -0.0006175212128286499 -0.001157085636198714 2.000001720179618
159 -0.0006175212128286499 -0.001157085636198714 2.000001720179618
160 -0.0006175212128286499 -0.001157085636198714 2.000001720179618
161 -0.0006175212128286499 -0.001157085636198714 2.000001720179618
162 -0.0006175212128286499 -0.001157085636198714 2.000001720179618
163 -0.0006175212128286499 -0.001157085636198714 2.000001720179618
164 -0.0006175212128286499 -0.001157085636198714 2.000001720179618
165 -0.0006175212128286499 -0.001157085636198714 2.000001720179618
166 -0.0006175212128286499 -0.001157085636198714 2.000001720179618
167 -0.0006175212128286499 -0.001157085636198714 2.000001720179618
168 -0.0006175212128286499 -0.001157085636198714 2.000001720179618
169 -0.0006175212128286499 -0.001157085636198714 2.000001720179618
170 -0.0006175212128286499 -0.001157085636198714 2.000001720179618
171 -0.0006175212128286499 -0.001157085636198714 2.000001720179618
172 -0.0006175212128286499 -0.001157085636198714 2.000001720179618
173 -0.0006175212128286499 -0.001157085636198714 2.000001720179618
174 -0.0006175212128286499 -0.001157085636198714 2.000001720179618
175 -0.0006175212128286499 -0.001157085636198714 2.000001720179618
176 -0.0006175212128286499 -0.001157085636198714 2.000001720179618
177 -0.0006175212128286499 -0.001157085636198714 2.000001720179618
178 -0.0006175212128286499 -0.001157085636198714 2.000001720179618
179 -0.0006175212128286499 -0.001157085636198714 2.000001720179618
180 -0.0006175212128286499 -0.001157085636198714 2.000001720179618
181 -0.0006175212128286499 -0.001157085636198714 2.000001720179618
182 -0.0006175212128286499 -0.001157085636198714 2.000001720179618
183 -0.0006175212128286499 -0.001157085636198714 2.000001720179618
184 -0.0006175212128286499 -0.001157085636198714 2.000001720179618
185 -0.0006175212128286499 -0.001157085636198714 2.000001720179618
186 -0.0006175212128286499 -0.001157085636198714 2.000001720179618
187 -0.0006175212128286499 -0.001157085636198714 2.000001720179618
188 -0.0006175212128286499 -0.001157085636198714 2.000001720179618
189 -0.0006175212128286499 -0.001157085636198714 2.000001720179618
190 -0.0006175212128286499 -0.001157085636198714 2.000001720179618
191 -0.0006175212128286499 -0.001157085636198714 2.000001720179618
192 -0.0006175212128286499 -0.001157085636198714 2.000001720179618
193 -0.0006175212128286499 -0.001157085636198714 2.000001720179618
194 -0.0006175212128286499 -0.001157085636198714 2.000001720179618
195 -0.0006175212128286499 -0.001157085636198714 2.000001720179618
196 -0.0006175212128286499 -0.001157085636198714 2.000001720179618
197 -0.0006175212128286499 -0.001157085636198714 2.000001720179618
198 -0.0006175212128286499 -0.001157085636198714 2.000001720179618
199 -0.0006175212128286499 -0.001157085636198714 2.000001720179618
200 -0.0006175212128286499 -0.001157085636198714 2.000001720179618
