0 1.0 2.03 7.120899999999999
1 1.0 1.9799999999999998 6.920399999999999
2 1.0 1.9299999999999997 6.724899999999999
3 1.0 1.8799999999999997 6.534399999999999
4 1.0 1.8299999999999996 6.348899999999999
5 1.0 1.7799999999999996 6.168399999999998
6 1.0 1.7299999999999995 5.992899999999999
7 1.0 1.6799999999999995 5.822399999999998
8 1.0 1.6299999999999994 5.6568999999999985
9 1.0 1.5799999999999994 5.496399999999998
10 1.0 1.5299999999999994 5.340899999999998
11 1.0 1.4799999999999993 5.190399999999999
12 1.0 1.4299999999999993 5.044899999999998
13 1.0 1.3799999999999992 4.904399999999998
14 1.0 1.3299999999999992 4.768899999999998
15 1.0 1.2799999999999991 4.638399999999998
16 1.0 1.229999999999999 4.5128999999999975
17 1.0 1.179999999999999 4.392399999999998
18 1.0 1.129999999999999 4.276899999999998
19 1.0 1.079999999999999 4.166399999999998
20 1.0 1.029999999999999 4.0608999999999975
21 1.0 0.9799999999999989 3.9603999999999977
22 0.95 0.9799999999999989 3.862899999999998
23 0.95 0.9299999999999988 3.7673999999999976
24 0.8999999999999999 0.9299999999999988 3.6748999999999974
25 0.8999999999999999 0.8799999999999988 3.584399999999998
26 0.8499999999999999 0.8799999999999988 3.4968999999999975
27 0.8499999999999999 0.8299999999999987 3.4113999999999978
28 0.7999999999999998 0.8299999999999987 3.3288999999999977
29 0.7999999999999998 0.7799999999999987 3.2483999999999975
30 0.7499999999999998 0.7799999999999987 3.170899999999998
31 0.7499999999999998 0.7299999999999986 3.095399999999998
32 0.6999999999999997 0.7299999999999986 3.0228999999999977
33 0.6999999999999997 0.6799999999999986 2.9523999999999977
34 0.6499999999999997 0.6799999999999986 2.884899999999998
35 0.6499999999999997 0.6299999999999986 2.8193999999999977
36 0.5999999999999996 0.6299999999999986 2.7568999999999977
37 0.5999999999999996 0.5799999999999985 2.696399999999998
38 0.5499999999999996 0.5799999999999985 2.638899999999998
39 0.5499999999999996 0.5299999999999985 2.583399999999998
40 0.4999999999999996 0.5299999999999985 2.530899999999998
41 0.4999999999999996 0.4799999999999985 2.480399999999998
42 0.4499999999999996 0.4799999999999985 2.4328999999999983
43 0.4499999999999996 0.4299999999999985 2.387399999999998
44 0.39999999999999963 0.4299999999999985 2.344899999999998
45 0.39999999999999963 0.3799999999999985 2.3043999999999984
46 0.34999999999999964 0.3799999999999985 2.266899999999999
47 0.34999999999999964 0.3299999999999985 2.231399999999999
48 0.29999999999999966 0.3299999999999985 2.1988999999999987
49 0.29999999999999966 0.27999999999999853 2.1683999999999988
50 0.24999999999999967 0.27999999999999853 2.140899999999999
51 0.24999999999999967 0.22999999999999854 2.1153999999999993
52 0.19999999999999968 0.22999999999999854 2.0928999999999993
53 0.19999999999999968 0.17999999999999855 2.072399999999999
54 0.1499999999999997 0.17999999999999855 2.0548999999999995
55 0.1499999999999997 0.12999999999999856 2.0393999999999997
56 0.09999999999999969 0.12999999999999856 2.0268999999999995
57 0.09999999999999969 0.07999999999999856 2.0163999999999995
58 0.049999999999999684 0.07999999999999856 2.0088999999999997
59 0.049999999999999684 0.029999999999998556 2.0034
60 -3.191891195797325e-16 0.029999999999998556 2.0009
61 -3.191891195797325e-16 -0.020000000000001447 2.0004
62 -3.191891195797325e-16 -0.020000000000001447 2.0004
