0 1.0 2.03 7.120899999999999
1 0.95 2.03 7.023399999999999
2 0.95 1.9799999999999998 6.822899999999999
3 0.8999999999999999 1.9799999999999998 6.730399999999999
4 0.8999999999999999 1.9299999999999997 6.534899999999999
5 0.8499999999999999 1.9299999999999997 6.447399999999999
6 0.8499999999999999 1.8799999999999997 6.256899999999999
7 0.7999999999999998 1.8799999999999997 6.174399999999999
8 0.7999999999999998 1.8299999999999996 5.988899999999998
9 0.7499999999999998 1.8299999999999996 5.911399999999999
10 0.7499999999999998 1.7799999999999996 5.730899999999998
11 0.6999999999999997 1.7799999999999996 5.6583999999999985
12 0.6999999999999997 1.7299999999999995 5.482899999999998
13 0.6499999999999997 1.7299999999999995 5.415399999999998
14 0.6499999999999997 1.6799999999999995 5.244899999999998
15 0.5999999999999996 1.6799999999999995 5.182399999999998
16 0.5999999999999996 1.6299999999999994 5.016899999999998
17 0.5499999999999996 1.6299999999999994 4.959399999999998
18 0.5499999999999996 1.5799999999999994 4.798899999999998
19 0.4999999999999996 1.5799999999999994 4.746399999999998
20 0.4999999999999996 1.5299999999999994 4.590899999999998
21 0.4499999999999996 1.5299999999999994 4.543399999999998
22 0.4499999999999996 1.4799999999999993 4.392899999999997
23 0.39999999999999963 1.4799999999999993 4.350399999999998
24 0.39999999999999963 1.4299999999999993 4.204899999999998
25 0.34999999999999964 1.4299999999999993 4.167399999999997
26 0.34999999999999964 1.3799999999999992 4.026899999999998
27 0.29999999999999966 1.3799999999999992 3.994399999999998
28 0.29999999999999966 1.3299999999999992 3.8588999999999976
29 0.24999999999999967 1.3299999999999992 3.8313999999999977
30 0.24999999999999967 1.2799999999999991 3.7008999999999976
31 0.19999999999999968 1.2799999999999991 3.6783999999999977
32 0.19999999999999968 1.229999999999999 3.5528999999999975
33 0.1499999999999997 1.229999999999999 3.5353999999999974
34 0.1499999999999997 1.179999999999999 3.4148999999999976
35 0.09999999999999969 1.179999999999999 3.402399999999998
36 0.09999999999999969 1.129999999999999 3.2868999999999975
37 0.049999999999999684 1.129999999999999 3.2793999999999977
38 0.049999999999999684 1.079999999999999 3.1688999999999976
39 -3.191891195797325e-16 1.079999999999999 3.1663999999999977
40 -3.191891195797325e-16 1.029999999999999 3.0608999999999975
41 -3.191891195797325e-16 1.029999999999999 3.0608999999999975
42 -3.191891195797325e-16 0.9799999999999989 2.9603999999999977
43 -3.191891195797325e-16 0.9799999999999989 2.9603999999999977
44 -3.191891195797325e-16 0.9299999999999988 2.864899999999998
45 -3.191891195797325e-16 0.9299999999999988 2.864899999999998
46 -3.191891195797325e-16 0.8799999999999988 2.7743999999999978
47 -3.191891195797325e-16 0.8799999999999988 2.7743999999999978
48 -3.191891195797325e-16 0.8299999999999987 2.688899999999998
49 -3.191891195797325e-16 0.8299999999999987 2.688899999999998
50 -3.191891195797325e-16 0.7799999999999987 2.608399999999998
51 -3.191891195797325e-16 0.7799999999999987 2.608399999999998
52 -3.191891195797325e-16 0.7299999999999986 2.532899999999998
53 -3.191891195797325e-16 0.7299999999999986 2.532899999999998
54 -3.191891195797325e-16 0.6799999999999986 2.462399999999998
55 -3.191891195797325e-16 0.6799999999999986 2.462399999999998
56 -3.191891195797325e-16 0.6299999999999986 2.3968999999999983
57 -3.191891195797325e-16 0.6299999999999986 2.3968999999999983
58 -3.191891195797325e-16 0.5799999999999985 2.3363999999999985
59 -3.191891195797325e-16 0.5799999999999985 2.3363999999999985
60 -3.191891195797325e-16 0.5299999999999985 2.280899999999998
61 -3.191891195797325e-16 0.5299999999999985 2.280899999999998
62 -3.191891195797325e-16 0.4799999999999985 2.2303999999999986
63 -3.191891195797325e-16 0.4799999999999985 2.2303999999999986
64 -3.191891195797325e-16 0.4299999999999985 2.1848999999999985
65 -3.191891195797325e-16 0.4299999999999985 2.1848999999999985
66 -3.191891195797325e-16 0.3799999999999985 2.1443999999999988
67 -3.191891195797325e-16 0.3799999999999985 2.1443999999999988
68 -3.191891195797325e-16 0.3299999999999985 2.108899999999999
69 -3.191891195797325e-16 0.3299999999999985 2.108899999999999
70 -3.191891195797325e-16 0.27999999999999853 2.0783999999999994
71 -3.191891195797325e-16 0.27999999999999853 2.0783999999999994
72 -3.191891195797325e-16 0.22999999999999854 2.0528999999999993
73 -3.191891195797325e-16 0.22999999999999854 2.0528999999999993
74 -3.191891195797325e-16 0.17999999999999855 2.0323999999999995
75 -3.191891195797325e-16 0.17999999999999855 2.0323999999999995
76 -3.191891195797325e-16 0.12999999999999856 2.0168999999999997
77 -3.191891195797325e-16 0.12999999999999856 2.0168999999999997
78 -3.191891195797325e-16 0.07999999999999856 2.0063999999999997
79 -3.191891195797325e-16 0.07999999999999856 2.0063999999999997
80 -3.191891195797325e-16 0.029999999999998556 2.0009
81 -3.191891195797325e-16 0.029999999999998556 2.0009
82 -3.191891195797325e-16 -0.020000000000001447 2.0004
83 -3.191891195797325e-16 -0.020000000000001447 2.0004
84 -3.191891195797325e-16 -0.020000000000001447 2.0004
