0 1.0 2.0 7.0
1 0.8999999999999999 1.7999999999999998 6.049999999999999
2 0.8099999999999998 1.6199999999999997 5.280499999999998
3 0.7289999999999995 1.4579999999999995 4.657204999999998
4 0.6560999999999996 1.3121999999999994 4.152336049999998
5 0.5904899999999996 1.1809799999999995 3.7433922004999984
6 0.5314409999999996 1.0628819999999994 3.4121476824049983
7 0.47829689999999947 0.9565937999999994 3.1438396227480485
8 0.4304672099999995 0.8609344199999994 2.926510094425919
9 0.3874204889999995 0.7748409779999994 2.750473176484994
10 0.3486784400999995 0.6973568801999994 2.6078832729528454
11 0.3138105960899992 0.6276211921799995 2.4923854510918044
12 0.28242953648099933 0.5648590729619994 2.3988322153843615
13 0.2541865828328989 0.5083731656657995 2.3230540944613325
14 0.22876792454960898 0.45753584909921946 2.2616738165136794
15 0.20589113209464605 0.41178226418929753 2.2119557913760794
16 0.18530201888518397 0.37060403777036766 2.1716841910146254
17 0.16677181699666557 0.33354363399333087 2.1390641947218465
18 0.150094635296999 0.30018927059399786 2.1126419977246957
19 0.13508517176729912 0.2701703435345981 2.0912400181570034
20 0.1215766545905692 0.24315330918113828 2.073904414707173
21 0.10941898913151224 0.21883797826302437 2.0598625759128097
22 0.09847709021836099 0.19695418043672186 2.048488686489376
23 0.08862938119652487 0.1772587623930496 2.0392758360563947
24 0.07976644307687239 0.15953288615374464 2.0318134272056794
25 0.07178979876918515 0.14357959753837019 2.0257688760366004
26 0.06461081889226665 0.1292216377845332 2.0208727895896463
27 0.05814973700304004 0.11629947400607997 2.0169069595676135
28 0.05233476330273602 0.10466952660547192 2.013694637249767
29 0.04710128697246241 0.0942025739449248 2.0110926561723113
30 0.042391158275216084 0.08478231655043217 2.008985051499572
31 0.03815204244769383 0.07630408489538766 2.007277891714653
32 0.03433683820292449 0.06867367640584889 2.005895092288869
33 0.030903154382632036 0.06180630876526397 2.0047750247539837
34 0.02781283894436883 0.05562567788873755 2.003867770050727
35 0.0250315550499319 0.0500631100998638 2.003132893741089
36 0.022528399544938765 0.04505679908987742 2.0025376439302818
37 0.020275559590444886 0.04055111918088966 2.0020554915835285
38 0.018248003631400393 0.036496007262800674 2.001664948182658
39 0.01642320326826049 0.03284640653652061 2.001348608027953
40 0.014780882941434438 0.0295617658828685 2.001092372502642
41 0.013302794647290707 0.02660558929458166 2.0008848217271398
42 0.011972515182561616 0.023945030365123486 2.0007167055989834
43 0.010775263664305456 0.021550527328611166 2.0005805315351766
44 0.009697737297875464 0.01939547459575118 2.000470230543493
45 0.008727963568087936 0.017455927136177194 2.0003808867402295
46 0.007855167211279145 0.015710334422559414 2.000308518259586
47 0.007069650490151268 0.014139300980303481 2.0002498997902647
48 0.006362685441136072 0.01272537088227309 2.0002024188301144
49 0.0057264168970224665 0.011452833794045792 2.0001639592523923
50 0.005153775207320127 0.010307550414641256 2.0001328069944377
51 0.004638397686588183 0.009276795373177174 2.000107573665495
52 0.004174557917929368 0.0083491158358595 2.0000871346690507
53 0.0037571021261364143 0.0075142042522735935 2.0000705790819313
54 0.00338139191352276 0.006762783827046228 2.000057169056364
55 0.003043252722170391 0.006086505444341618 2.000046306935655
56 0.00273892744995337 0.005477854899907455 2.0000375086178805
57 0.0024650347049579623 0.004930069409916639 2.0000303819804834
58 0.0022185312344621664 0.00443706246892499 2.0000246094041914
59 0.0019966781110159855 0.003993356222032628 2.000019933617395
60 0.001797010299913286 0.003594020599829361 2.00001614623009
61 0.0016173092699208564 0.003234618539844502 2.000013078446373
62 0.0014555783429276697 0.002911156685858129 2.000010593541562
63 0.0013100205086349385 0.0026200410172723112 2.0000085807686654
64 0.0011790184577714449 0.0023580369155442584 2.000006950422619
65 0.001061116611993821 0.0021222332239890108 2.000005629842321
66 0.000955004950794528 0.0019100099015904248 2.0000045601722802
67 0.000859504455713459 0.0017190089114282867 2.000003693739547
68 0.0007735540101421077 0.0015471080202854655 2.000002991929033
69 0.0006961986091278717 0.0013923972182569083 2.000002423462517
70 0.0006265787482130448 0.0012531574964272545 2.0000019630046384
71 0.0005639208733919744 0.0011278417467851137 2.000001590033757
72 0.000507528786053011 0.001015057572106593 2.0000012879273434
73 0.00045677590744771303 0.0009135518148959063 2.000001043221148
74 0.00041109831670536954 0.0008221966334062456 2.00000084500913
75 0.00036998848503478677 0.0007399769700654799 2.000000684457395
76 0.0003329896365314422 0.0006659792730587908 2.00000055441049
77 0.0002996906728783478 0.0005993813457529127 2.000000449072497
78 0.0002697216055908092 0.0005394432111778355 2.0000003637487227
79 0.00024274944503174028 0.00048549889006005296 2.0000002946364654
80 0.00021847450052856415 0.0004369490010540603 2.000000238655537
81 0.00019662705047570201 0.00039325410094861064 2.000000193310985
82 0.0001769643454281317 0.00035392869085370697 2.0000001565818977
83 0.00015926791088531847 0.00031853582176834695 2.000000126831337
84 0.00014334111979680042 0.00028668223959151245 2.000000102733383
85 0.00012900700781302897 0.0002580140156324961 2.0000000832140405
86 0.00011610630703173439 0.00023221261406925335 2.0000000674033727
87 0.00010449567632846084 0.0002089913526623506 2.000000054596732
88 9.404610869557872e-05 0.00018809221739611175 2.000000044223353
89 8.464149782601237e-05 0.00016928299565650986 2.0000000358209156
90 7.617734804340823e-05 0.00015235469609080893 2.0000000290149416
91 6.855961323909945e-05 0.0001371192264816772 2.000000023502103
92 6.170365191519558e-05 0.00012340730383351417 2.0000000190367033
93 5.5533286724312694e-05 0.0001110665734517484 2.0000000154197295
94 4.997995805191142e-05 9.995991610657471e-05 2.000000012489981
95 4.49819622497974e-05 8.996392449595179e-05 2.0000000101168847
96 4.048376602505261e-05 8.096753204646221e-05 2.0000000081946765
97 3.6435389420792785e-05 7.287077883794256e-05 2.000000006637688
98 3.279185047871398e-05 6.558370095413359e-05 2.0000000053765272
99 2.9512665430858674e-05 5.9025330858717036e-05 2.000000004354987
100 2.6561398887353702e-05 5.312279777286358e-05 2.0000000035275396
101 2.3905258998607787e-05 4.781051799554939e-05 2.000000002857307
102 2.1514733098651603e-05 4.3029466195988176e-05 2.000000002314419
103 1.9363259788851002e-05 3.87265195764178e-05 2.000000001874679
104 1.7426933810004703e-05 3.48538676187252e-05 2.0000000015184902
105 1.5684240429113905e-05 3.1368480856855156e-05 2.000000001229977
106 1.411581638620577e-05 2.8231632771235272e-05 2.0000000009962813
107 1.2704234747783848e-05 2.5408469494391428e-05 2.000000000806988
108 1.1433811273008718e-05 2.286762254492813e-05 2.0000000006536602
109 1.0290430145719971e-05 2.058086029043948e-05 2.000000000529465
110 9.261387131247393e-06 1.8522774261373097e-05 2.0000000004288663
111 8.335248418156562e-06 1.6670496835234742e-05 2.0000000003473817
112 7.501723576405184e-06 1.5003447151691073e-05 2.0000000002813794
113 6.751551218749896e-06 1.3503102436576883e-05 2.0000000002279172
114 6.076396096895664e-06 1.215279219286842e-05 2.0000000001846128
115 5.468756487263369e-06 1.0937512973562926e-05 2.0000000001495364
116 4.921880838497539e-06 9.843761676208808e-06 2.0000000001211244
117 4.429692754589499e-06 8.859385508607842e-06 2.000000000098111
118 3.986723479106903e-06 7.973446958353192e-06 2.0000000000794698
119 3.588051131172589e-06 7.176102262484564e-06 2.0000000000643707
120 3.2292460181072363e-06 6.458492036252139e-06 2.00000000005214
121 2.90632141620404e-06 5.812642832623383e-06 2.0000000000422333
122 2.6156892745553907e-06 5.23137854933983e-06 2.000000000034209
123 2.3541203471675552e-06 4.708240694171575e-06 2.0000000000277094
124 2.11870831241281e-06 4.237416624750902e-06 2.0000000000224447
125 1.9068374811335866e-06 3.8136749622811896e-06 2.00000000001818
126 1.716153731454576e-06 3.432307462923169e-06 2.000000000014726
127 1.5445383567434667e-06 3.08907671350095e-06 2.000000000011928
128 1.3900845210666622e-06 2.780169042147341e-06 2.0000000000096616
129 1.2510760690285925e-06 2.5021521380712018e-06 2.0000000000078257
130 1.125968462156079e-06 2.2519369242467133e-06 2.000000000006339
131 1.0133716159411777e-06 2.0267432318441063e-06 2.0000000000051346
132 9.120344543457392e-07 1.8240689086532294e-06 2.000000000004159
133 8.208310089293092e-07 1.6416620178203693e-06 2.000000000003369
134 7.387479070138225e-07 1.4774958160322062e-06 2.000000000002729
135 6.648731162847361e-07 1.3297462343753914e-06 2.0000000000022102
136 5.983858046284758e-07 1.196771611062685e-06 2.00000000000179
137 5.385472240721216e-07 1.0770944499648265e-06 2.00000000000145
138 4.846925016737319e-07 9.693850049937753e-07 2.0000000000011746
139 4.3622325527949813e-07 8.724465122053077e-07 2.0000000000009512
140 3.9260092968677007e-07 7.852018610025673e-07 2.0000000000007705
141 3.5334083673577615e-07 7.066816749195303e-07 2.0000000000006244
142 3.180067530785104e-07 6.360135074239614e-07 2.000000000000506
143 2.8620607756339584e-07 5.724121563937322e-07 2.0000000000004095
144 2.5758546981295554e-07 5.151709406964655e-07 2.0000000000003317
145 2.318269228730864e-07 4.6365384681672725e-07 2.0000000000002687
146 2.0864423057393644e-07 4.1728846212956357e-07 2.0000000000002176
147 1.8777980820634175e-07 3.755596173943742e-07 2.0000000000001763
148 1.690018274428101e-07 3.380036556795046e-07 2.000000000000143
149 1.5210164467895572e-07 3.0420329010615875e-07 2.0000000000001155
150 1.3689148003473388e-07 2.7378296109480956e-07 2.0000000000000937
151 1.2320233208611636e-07 2.4640466502366977e-07 2.000000000000076
152 1.1088209889689257e-07 2.2176419850380755e-07 2.0000000000000613
153 9.979388902270318e-08 1.995877787553337e-07 2.0000000000000497
154 8.981450015183955e-08 1.7962900081731212e-07 2.0000000000000404
155 8.083305011212564e-08 1.616661007628647e-07 2.000000000000033
156 7.274974500638365e-08 1.4549949066788678e-07 2.0000000000000266
157 6.547477048286023e-08 1.309495416000876e-07 2.0000000000000213
158 5.892729343343685e-08 1.1785458744440258e-07 2.0000000000000173
159 5.3034563573812327e-08 1.0606912772515353e-07 2.000000000000014
160 4.773110723645912e-08 9.546221495482564e-08 2.0000000000000115
161 4.295799661859744e-08 8.591599345106978e-08 2.0000000000000093
162 3.8662197346739024e-08 7.73243941080036e-08 2.0000000000000075
163 3.479597764674809e-08 6.959195470811572e-08 2.000000000000006
164 3.13163798812714e-08 6.263275923424224e-08 2.000000000000005
165 2.8184741894008717e-08 5.636948329193429e-08 2.000000000000004
166 2.5366267551205916e-08 5.0732534961600055e-08 2.000000000000003
167 2.2829641353226127e-08 4.565928256564048e-08 2.0000000000000027
168 2.05466772243737e-08 4.109335430793562e-08 2.000000000000002
169 1.849200949952473e-08 3.6984018858237686e-08 2.0000000000000018
170 1.664280852939709e-08 3.3285616917982407e-08 2.0000000000000013
171 1.497852417462281e-08 2.995705522504336e-08 2.0000000000000013
172 1.3480671754748929e-08 2.6961349652492962e-08 2.000000000000001
173 1.213260458574422e-08 2.4265214692758652e-08 2.000000000000001
174 1.0919344337921019e-08 2.183869322011599e-08 2.0000000000000004
175 9.82740991557174e-09 1.9654823897753074e-08 2.0000000000000004
176 8.844668915882982e-09 1.7689341543104188e-08 2.0000000000000004
177 7.960202016163099e-09 1.5920407388393055e-08 2.0000000000000004
178 7.1641818206312035e-09 1.4328366668801158e-08 2.0000000000000004
179 6.4477635847292e-09 1.2895530006921903e-08 2.0
180 5.802987324143352e-09 1.1605977009158444e-08 2.0
181 5.222688615652278e-09 1.0445379346738838e-08 2.0
182 4.700419809672003e-09 9.400841379552822e-09 2.0
183 4.230377848739121e-09 8.46075728382489e-09 2.0
184 3.807340066157107e-09 7.614681541048674e-09 2.0
185 3.4266060440697255e-09 6.8532134967799245e-09 2.0
186 3.0839453886639456e-09 6.167892185968365e-09 2.0
187 2.7755508343258806e-09 5.551102722388072e-09 2.0
188 2.497995788712327e-09 4.995992631160965e-09 2.0
189 2.248196240402779e-09 4.496393335893748e-09 2.0
190 2.0233766108232367e-09 4.0467540767346635e-09 2.0
191 1.8210389086745118e-09 3.6420786724372136e-09 2.0
192 1.638935332012027e-09 3.2778715191122443e-09 2.0
193 1.4750443867525454e-09 2.950089628593281e-09 2.0
194 1.327539978065163e-09 2.655080811218516e-09 2.0
195 1.1947859973715498e-09 2.3895726549653676e-09 2.0
196 1.0753074116509652e-09 2.1506153566188473e-09 2.0
197 9.677767161919746e-10 1.935553965700866e-09 2.0
198 8.709990192481063e-10 1.741998571766136e-09 2.0
199 7.838990901351353e-10 1.567798717224879e-09 2.0
200 7.055091733551379e-10 1.4110188836648842e-09 2.0
yes
