0 1.0 2.03 7.120899999999999
1 0.8999999999999999 1.8269999999999995 6.147928999999998
2 0.8099999999999998 1.6442999999999997 5.359822489999998
3 0.7289999999999999 1.4798699999999996 4.721456216899998
4 0.6560999999999999 1.3318829999999997 4.204379535688999
5 0.5904899999999998 1.1986946999999994 3.7855474239080884
6 0.5314409999999999 1.0788252299999994 3.4462934133655514
7 0.4782968999999999 0.9709427069999994 3.171497664826097
8 0.4304672099999999 0.8738484362999994 2.9489131085091382
9 0.38742048899999987 0.7864635926699994 2.768619617892402
10 0.3486784400999998 0.7078172334029994 2.622581890492845
11 0.31381059608999956 0.6370355100626994 2.5042913312992043
12 0.2824295364809996 0.5733319590564294 2.4084759783523557
13 0.25418658283289963 0.5159987631507864 2.330865542465408
14 0.22876792454960954 0.46439888683570774 2.2680010893969804
15 0.20589113209464854 0.4179589981521369 2.2170808824115538
16 0.18530201888518366 0.3761630983369232 2.175835514753359
17 0.16677181699666552 0.33854678850323094 2.1424267669502206
18 0.15009463529699896 0.3046921096529079 2.1153656812296786
19 0.13508517176729906 0.2742228986876172 2.09344620179604
20 0.12157665459056913 0.24680060881885538 2.075691423454792
21 0.10941898913151218 0.22212054793696984 2.061310052998382
22 0.09847709021836093 0.19990849314327283 2.0496611429286893
23 0.08862938119652483 0.17991764382894557 2.040225525772238
24 0.07976644307687232 0.16192587944604978 2.0325826758755126
25 0.07178979876918509 0.14573329150144482 2.026391967459165
26 0.0646108188922666 0.13115996235130048 2.021377493641924
27 0.05814973700303993 0.11804396611617042 2.0173157698499584
28 0.052334763302735905 0.10623956950455338 2.0140257735784663
29 0.04710128697246348 0.09561561255409805 2.0113608765985576
30 0.04239115827521715 0.08605405129868825 2.0092023100448317
31 0.038152042447695426 0.07744864616881937 2.0074538711363137
32 0.03433683820292589 0.06970378155193753 2.006037635620414
33 0.030903154382633347 0.06273340339674387 2.0048904848525355
34 0.02781283894437002 0.05646006305706901 2.0039612927305535
35 0.025031555049932992 0.05081405675136211 2.0032086471117485
36 0.022528399544939477 0.045732651076225754 2.0025990041605164
37 0.020275559590445597 0.04115938596860319 2.002105193370018
38 0.018248003631401104 0.037043447371742866 2.0017052066297145
39 0.016423203268261084 0.03333910263456861 2.001381217370069
40 0.014780882941435031 0.03000519237111168 2.001118786069756
41 0.013302794647291474 0.027004673134000477 2.000906216716502
42 0.011972515182562328 0.02430420582060031 2.0007340355403667
43 0.010775263664306077 0.021873785238540264 2.000594568787697
44 0.009697737297876085 0.01968640671468624 2.0004816007180346
45 0.008727963568088469 0.01771776604321764 2.000390096581608
46 0.007855167211279615 0.01594598943889589 2.0003159782311024
47 0.007069650490151649 0.014351390495006333 2.000255942367193
48 0.0063626854411363894 0.012916251445505652 2.0002073133174263
49 0.005726416897022784 0.011624626300955058 2.0001679237871155
50 0.005153775207320504 0.010462163670859516 2.0001360182675634
51 0.004638397686588452 0.009415947303773564 2.0001101747967263
52 0.0041745579179296045 0.008474352573398491 2.0000892415853486
53 0.003757102126136634 0.007626917316058632 2.000072285684132
54 0.0033813919135229228 0.006864225584452663 2.000058551404147
55 0.0030432527221693744 0.0061778030260073976 2.000047426637359
56 0.002738927449952316 0.005560022723406639 2.000038415576261
57 0.002465034704957086 0.005004020451065961 2.0000311166167712
58 0.002218531234461379 0.0045036184059593426 2.0000252044595848
59 0.001996678111015198 0.004053256565363439 2.000020415612264
60 0.0017970102999124984 0.0036479309088270906 2.0000165366459335
61 0.0016173092699200689 0.003283137817944448 2.000013394683206
62 0.0014555783429268821 0.0029548240361499277 2.000010849693397
63 0.001310020508634151 0.0026593416325347173 2.0000087882516517
64 0.0011790184577707124 0.0023934074692812737 2.000007118483838
65 0.001061116611993618 0.0021540667223531665 2.0000057659719084
66 0.0009550049507942679 0.0019386600501178947 2.000004670437246
67 0.0008595044557131989 0.001744794045106096 2.000003783054169
68 0.0007735540101419303 0.0015703146405954835 2.000003064273877
69 0.0006961986091276774 0.0014132831765359408 2.0000024820618405
70 0.0006265787482128505 0.0012719548588823522 2.000002010470091
71 0.0005639208733917801 0.0011447593729940872 2.0000016284807733
72 0.000507528786052702 0.0010302834356946675 2.0000013190694266
73 0.00045677590744749283 0.0009272550921252118 2.0000010684462355
74 0.00041109831670514934 0.0008345295829125754 2.000000865441451
75 0.0003699884850347665 0.0007510766246213215 2.000000701007575
76 0.0003329896365314219 0.0006759689621589067 2.000000567816136
77 0.0002996906728783052 0.0006083720659430388 2.00000045993107
78 0.0002697216055907666 0.0005475348593504155 2.0000003725441666
79 0.00024274944503169767 0.0004927813734153493 2.000000301760775
80 0.0002184745005284578 0.0004435032360757792 2.0000002444262277
81 0.00019662705047565458 0.0003991529124701661 2.0000001979852446
82 0.00017696434542808218 0.0003592376212231603 2.000000160368048
83 0.00015926791088526895 0.00032331385910084053 2.000000129898119
84 0.00014334111979218958 0.00029098247319098435 2.0000001052174765
85 0.00012900700781297983 0.00026188422587211375 2.000000085226156
86 0.00011610630703156458 0.0002356958032848993 2.0000000690331863
87 0.00010449567632829084 0.00021212622295637969 2.000000055916881
88 9.404610869541558e-05 0.0001909136006606755 2.0000000452926736
89 8.464149782588108e-05 0.00017182224059459226 2.0000000366870654
90 7.617734804331062e-05 0.0001546400165351279 2.000000029716523
91 6.855961323911096e-05 0.00013917601488161886 2.0000000240703835
92 6.170365191517305e-05 0.00012525841339365275 2.0000000194970107
93 5.553328672429017e-05 0.0001127325720545689 2.000000015792579
94 4.997995805022184e-05 0.00010145931484914845 2.000000012791989
95 4.498196224810782e-05 9.131338336423119e-05 2.0000000103615108
96 4.048376602336303e-05 8.218204502774346e-05 2.0000000083928238
97 3.6435389419103205e-05 7.396384052495783e-05 2.0000000067981873
98 3.2791850477258875e-05 6.656745647288595e-05 2.0000000055065317
99 2.9512665429537052e-05 5.9910710825737044e-05 2.000000004460291
100 2.6561398886565012e-05 5.391963974312166e-05 2.0000000036128354
101 2.3905258997907918e-05 4.8527675768788934e-05 2.000000002926397
102 2.151473309812832e-05 4.3674908191911035e-05 2.0000000023703812
103 1.936325978830898e-05 3.930741737277604e-05 2.000000001920009
104 1.742693380946268e-05 3.537667563552251e-05 2.000000001555207
105 1.5684240428572065e-05 3.1839008072012756e-05 2.0000000012597177
106 1.4115816385722977e-05 2.865510726465559e-05 2.0000000010203713
107 1.2704234747301054e-05 2.578959653817592e-05 2.000000000826501
108 1.1433811272570089e-05 2.321063688434372e-05 2.000000000669466
109 1.0290430145337333e-05 2.088957319589521e-05 2.000000000542267
110 9.261387130804117e-06 1.880061587659351e-05 2.0000000004392366
111 8.335248417699633e-06 1.6920554288937764e-05 2.0000000003557816
112 7.5017235759295045e-06 1.5228498860189701e-05 2.0000000002881833
113 6.751551218331176e-06 1.3705648973973407e-05 2.0000000002334284
114 6.076396096476944e-06 1.2335084076577341e-05 2.0000000001890768
115 5.468756486825888e-06 1.1101575668627784e-05 2.000000000153152
116 4.921880838148828e-06 9.991418101775162e-06 2.000000000124053
117 4.429692754350058e-06 8.992276291598922e-06 2.000000000100483
118 3.986723479222733e-06 8.093048662440305e-06 2.0000000000813913
119 3.588051131288396e-06 7.283743796117614e-06 2.000000000065927
120 3.229246018156622e-06 6.555369416507374e-06 2.000000000053401
121 2.906321416342244e-06 5.899832474800205e-06 2.0000000000432547
122 2.6156892747004218e-06 5.3098492274769155e-06 2.0000000000350364
123 2.3541203472031755e-06 4.778864301759567e-06 2.0000000000283795
124 2.1187083124484305e-06 4.300977871598233e-06 2.0000000000229874
125 1.906837481169207e-06 3.870880084435281e-06 2.0000000000186198
126 1.7161537314901963e-06 3.4837920760517724e-06 2.000000000015082
127 1.544538356779087e-06 3.135412868436471e-06 2.0000000000122165
128 1.3900845211022825e-06 2.8218715816359703e-06 2.000000000009895
129 1.2510760690642128e-06 2.5396844234622402e-06 2.0000000000080154
130 1.1259684621916993e-06 2.285715981097083e-06 2.000000000006492
131 1.013371615976919e-06 2.0571443830072997e-06 2.000000000005259
132 9.120344543814806e-07 1.8514299446918044e-06 2.0000000000042597
133 8.208310078087177e-07 1.6662869504228324e-06 2.00000000000345
134 7.38747907016245e-07 1.4996582555807577e-06 2.0000000000027947
135 6.648731162870667e-07 1.3496924302228902e-06 2.0000000000022635
136 5.983858046085465e-07 1.2147231872130643e-06 2.0000000000018336
137 5.385472241145335e-07 1.093250870207964e-06 2.000000000001485
138 4.846925016993603e-07 9.839257832140773e-07 2.000000000001203
139 4.362232553051265e-07 8.855332048625871e-07 2.0000000000009743
140 3.9260092971239843e-07 7.969798843622673e-07 2.000000000000789
141 3.5334083676139286e-07 7.172818959356052e-07 2.0000000000006395
142 3.1800675301379197e-07 6.455537063255526e-07 2.000000000000518
143 2.862060774986774e-07 5.809983356764873e-07 2.0000000000004197
144 2.575854697482371e-07 5.228985021100711e-07 2.0000000000003397
145 2.3182692280836794e-07 4.706086503726295e-07 2.0000000000002753
146 2.0864423050710048e-07 4.235477853011178e-07 2.000000000000223
147 1.877798081395058e-07 3.811930067722431e-07 2.0000000000001807
148 1.6900182732002017e-07 3.430737061123932e-07 2.000000000000146
149 1.521016444925337e-07 3.0876633547573386e-07 2.0000000000001186
150 1.368914824737587e-07 2.778897019590458e-07 2.000000000000096
151 1.232023341700534e-07 2.501007279926652e-07 2.0000000000000777
152 1.1088210080312562e-07 2.2509065522771656e-07 2.000000000000063
153 9.979389071968255e-08 2.0258158968292084e-07 2.000000000000051
154 8.981450167122913e-08 1.823234307991861e-07 2.0000000000000413
155 8.083305141360065e-08 1.6409108769384162e-07 2.0000000000000333
156 7.274974627725971e-08 1.4768197896221083e-07 2.000000000000027
157 6.547477170575483e-08 1.3291378589376236e-07 2.0000000000000218
158 5.892729453565513e-08 1.1962240758468525e-07 2.0000000000000178
159 5.3034564676030605e-08 1.0766016678305911e-07 2.000000000000014
160 4.7731108216686765e-08 9.689415008319156e-08 2.0000000000000115
161 4.2957997424602855e-08 8.720473459101595e-08 2.0000000000000093
162 3.866219767679676e-08 7.84842606480579e-08 2.0000000000000075
163 3.4795977886164664e-08 7.063583456127192e-08 2.000000000000006
164 3.131638012068798e-08 6.357225106537983e-08 2.000000000000005
165 2.8184742168272963e-08 5.7215025919168746e-08 2.000000000000004
166 2.5366267825658133e-08 5.1493523358550424e-08 2.000000000000003
167 2.2829641627678348e-08 4.634417100206508e-08 2.0000000000000027
168 2.0546677403204453e-08 4.170974979971095e-08 2.000000000000002
169 1.84920095007198e-08 3.753877476773281e-08 2.0000000000000018
170 1.664280853059216e-08 3.37848972922009e-08 2.0000000000000013
171 1.4978527728531555e-08 3.040640753574823e-08 2.0000000000000013
172 1.3480674953386307e-08 2.736576678909822e-08 2.000000000000001
173 1.2132607695563757e-08 2.4629188180933654e-08 2.000000000000001
174 1.0919346914833504e-08 2.2166269423105204e-08 2.0000000000000004
175 9.827412187585802e-09 1.9949642481902595e-08 2.0000000000000004
176 8.844671029011793e-09 1.795467722224745e-08 2.0000000000000004
177 7.96020395163273e-09 1.6159209625426195e-08 2.0000000000000004
178 7.1641836352094385e-09 1.4543287651418689e-08 2.0000000000000004
179 6.447765221671752e-09 1.3088958930332012e-08 2.0
180 5.802988745072353e-09 1.1780062983093595e-08 2.0
181 5.222689806294276e-09 1.0602056668422401e-08 2.0
182 4.700420822678316e-09 9.541850995185434e-09 2.0
183 4.230378741092618e-09 8.587665997504138e-09 2.0
184 3.807340869692762e-09 7.728899428490797e-09 2.0
185 3.426606756945196e-09 6.956010830924163e-09 2.0
186 3.083946101539416e-09 6.2604097430829935e-09 2.0
187 2.7755513697492697e-09 5.6343690123486935e-09 2.0
188 2.497996324135716e-09 5.070932070801214e-09 2.0
189 2.248196676502108e-09 4.563838858935619e-09 2.0
190 2.0233770469225655e-09 4.107454417585963e-09 2.0
191 1.8210393447738406e-09 3.696709043083032e-09 2.0
192 1.638935768111356e-09 3.327038171344995e-09 2.0
193 1.4750448228518742e-09 2.994334351295421e-09 2.0
194 1.3275404141644918e-09 2.6949009842110914e-09 2.0
195 1.194786336217114e-09 2.4254109613728224e-09 2.0
196 1.075307687032382e-09 2.1828698630563713e-09 2.0
197 9.677769915733914e-10 1.9645830008902738e-09 2.0
198 8.709992946060263e-10 1.7681246846085957e-09 2.0
199 7.838993673353978e-10 1.5913121576243245e-09 2.0
200 7.055094505554004e-10 1.4321809604930655e-09 2.0
yes
