0 100.0 20.0 10402.0
1 99.96602295565188 19.96331811813216 10393.73981585566
2 99.92047859389692 19.94268535020506 10383.812741410695
3 99.87088410831275 19.93633027352239 10373.650757351
4 99.82738352592544 19.911678715113958 10363.981450886131
5 99.7810760128313 19.89282097847786 10353.987456760187
6 99.74073659614974 19.863278949742664 10344.764387377816
7 99.70268484658283 19.830843408204156 10335.887715897732
8 99.65318570407376 19.823784025025205 10325.739834041455
9 99.60946306645492 19.79952849040626 10316.066460829858
10 99.57604271050815 19.762338709439028 10307.938313151535
11 99.52632575317638 19.757026068507095 10297.82959699905
12 99.51865681344316 19.707617695093592 10294.353249167843
13 99.48401954759676 19.671558579537525 10286.04036229479
14 99.43864313621633 19.650559025012882 10276.188218767298
15 99.39661770392132 19.623469118397715 10266.768151220194
16 99.37320668671019 19.57928853133575 10260.382746592919
17 99.33022395403592 19.55374475143042 10250.842324563024
18 99.28574893382697 19.530898032247713 10241.11591929698
19 99.2621111401702 19.486838360085518 10234.703577275603
20 99.21374292206997 19.474168889780586 10224.610038554287
21 99.17328824499192 19.444784895795582 10215.440760968013
22 99.1248930563865 19.43221884152843 10205.355552545114
23 99.07965845940214 19.41091552639528 10195.56236200463
24 99.03277233249862 19.393546268956115 10185.599632746647
25 98.99732322992104 19.358284942741072 10177.213202613819
26 98.96483252001555 19.320280288159857 10169.311306127785
27 98.91982233224468 19.298506841100856 10159.56361653887
28 98.87409926680567 19.27827317393793 10149.739322391117
29 98.84038020561606 19.241354006660057 10141.65046320035
30 98.79980951393858 19.2121304035829 10132.508314634822
31 98.76049224537526 19.181241046310213 10123.554836625482
32 98.71171428041458 19.170254229924446 10113.50118341814
33 98.66344300186421 19.157220287040083 10103.474074108288
34 98.63055243543982 19.11956114949973 10095.543492269504
35 98.58109861002802 19.11219099671037 10085.508847854806
36 98.53256144410464 19.100185018027773 10075.48273245915
37 98.48601385271554 19.081927917056532 10065.61489762902
38 98.44387148006986 19.055020289368606 10056.289630212761
39 98.4366367590914 19.00554646990453 10052.982253061004
40 98.39819346602494 18.973575964462697 10044.201062256509
41 98.35097133259916 18.95714215435309 10034.286800726093
42 98.31644818752189 18.92097376409345 10026.127232391187
43 98.27943821075877 18.887354400328 10017.58013126594
44 98.24219844764283 18.85398974772874 10009.002485233497
45 98.19898129898071 18.82884460781035 9999.565317422632
46 98.16460386401054 18.792537694352 9991.448924771754
47 98.15319457148267 18.743856814696702 9987.381772877186
48 98.10437224635298 18.733068832080328 9977.395721718452
49 98.05486322793595 18.726079047006163 9967.422239123951
50 98.00966705117347 18.7046943420502 9957.760425911403
51 97.96037279961249 18.696323155572617 9947.78713857666
52 97.91269192726442 18.681272095406378 9937.885167546001
53 97.86501149230786 18.666219649679746 9927.98823039964
54 97.81772214208252 18.649980272990188 9918.128529248583
55 97.77056353883754 18.633365034804044 9908.285387222126
56 97.72229197305872 18.62033215571839 9898.363118057016
57 97.69621599605688 18.577670188775926 9891.680449591135
58 97.65186144187115 18.554590467742408 9882.158870488038
59 97.60608100350981 18.534486949059257 9872.474255328569
60 97.57634351078724 18.494291407931225 9865.18162761663
61 97.54331537865352 18.456752861239096 9857.350101240321
62 97.51239211618109 18.417462253734737 9849.8695320876
63 97.48131330673988 18.37829456802679 9842.368155235945
64 97.46407488747174 18.33136017870365 9837.284659672061
65 97.43162099568782 18.29332407863966 9829.566475693495
66 97.3875207186432 18.269762127010218 9820.113399901695
67 97.34936130196395 18.237453321419487 9811.502849551272
68 97.30165717987025 18.222476114227597 9801.671125682591
69 97.25702063978027 18.199946593842203 9792.166119745352
70 97.2140014492639 18.17446426178022 9782.87322898021
71 97.17427799853027 18.144099027353118 9774.048634050041
72 97.12464292531854 18.13806914283798 9764.185815600998
73 97.07964610422319 18.116268085723405 9754.656857075017
74 97.0368515072227 18.090410350564145 9745.413497086589
75 96.99181532902547 18.06869071305826 9735.889824903938
76 96.96007008432697 18.03006119793016 9728.338297558705
77 96.91916896067421 18.00130188493521 9719.372181580287
78 96.86960723698172 17.99469616433644 9709.529896293887
79 96.82056490729892 17.98495707303985 9699.680469887568
80 96.77533327544663 17.963647463001667 9690.157760748774
81 96.72696325612286 17.95098487122044 9680.343278598126
82 96.6934339312726 17.913893303781396 9672.527738720642
83 96.6442436266956 17.90493149951985 9662.69639817859
84 96.5945885428503 17.899068680375766 9652.891195387356
85 96.54748519246114 17.882297443626026 9643.193458850817
86 96.5021701893342 17.8611657022968 9633.690091496124
87 96.45657563702176 17.840644084440783 9624.159564968191
88 96.41116242187182 17.81972424004016 9614.654811527624
89 96.36121814138583 17.81736439963516 9604.942835841133
90 96.31473974700361 17.798931850824673 9595.331067563338
91 96.27005610069165 17.776495903056254 9585.927508221694
92 96.22308482821778 17.759358238040686 9576.276858885458
93 96.20246468850591 17.713808157489023 9570.693211583552
94 96.17500214002847 17.67202528502764 9563.931514309137
95 96.12713805668801 17.657567431591623 9554.216358570762
96 96.07943733597011 17.642579394929253 9544.51888650299
97 96.03724313554005 17.615753112106834 9535.466826781536
98 95.9947382745772 17.589421822838574 9526.377536466327
99 95.97012981088923 17.54589684707847 9520.12431208725
100 95.94606059035362 17.50207136792755 9513.969044975838
101 95.90186237735394 17.478693644179614 9504.671938952019
102 95.86180861628435 17.448765459734503 9495.945767253952
103 95.81379076275132 17.434826817688705 9486.255686491088
104 95.78458176391815 17.394245610373446 9479.245884042719
105 95.7596541801984 17.350902611286 9472.965190137518
106 95.7119170770608 17.336030860076715 9463.309036547695
107 95.6724416417011 17.3053438921072 9454.691016908793
108 95.62822213976828 17.282006461897037 9445.42461696192
109 95.58558257937928 17.255893861685035 9436.369470005075
110 95.54165293552546 17.232015285704115 9427.14979645914
111 95.50813217627841 17.19491597709194 9419.468447260719
112 95.4584235850717 17.189525619010706 9409.790424353598
113 95.41503045549635 17.16468540351934 9400.654461825086
114 95.36944379822755 17.144146253608582 9391.252561148405
115 95.32029840598909 17.13494134069597 9381.565502955898
116 95.29651462033696 17.09096030455477 9375.526622915962
117 95.25687794089387 17.060481891821738 9366.932837427532
118 95.21184742421238 17.03875051893834 9357.614909178119
119 95.1695080733804 17.012153914434638 9348.648647737631
120 95.1312458172352 16.979966964366657 9340.273208850213
121 95.08296098111012 16.966983336199828 9330.647992466193
122 95.04823177269111 16.931012763746928 9322.82555632137
123 95.01045337009894 16.898259255574757 9314.537415460363
124 94.97000357846211 16.868868536690446 9305.860305401251
125 94.92658699713725 16.84406933375846 9296.779590645529
126 94.88574332521507 16.81522848661567 9288.056195435689
127 94.83702904170457 16.803962671862283 9278.435238934457
128 94.79478300901279 16.777218088825617 9269.525932525838
129 94.75240020539538 16.750690782940403 9260.602986389093
130 94.70247818902064 16.747899317181936 9251.051506680393
131 94.68419922179207 16.701360308199607 9246.033018416316
132 94.63729666561649 16.684035464067644 9236.574959542173
133 94.58861620142076 16.672624399012687 9226.98271925023
134 94.54619672516094 16.64615577543982 9218.07781729304
135 94.50817183190998 16.613688753813975 9209.809197018427
136 94.46473317842444 16.588928233153794 9200.77835439565
137 94.42249529708513 16.562170778492202 9191.913119024006
138 94.37825972012558 16.538863832509186 9182.78992466976
139 94.33276899134401 16.5181130832475 9173.519365405227
140 94.28479222457425 16.50403367096147 9164.005172243365
141 94.24931022989313 16.46880544288442 9156.154031526217
142 94.20847118845465 16.43995803928571 9147.508263999365
143 94.16401231221641 16.41707992040252 9138.38172784813
144 94.12494115067811 16.385879850914655 9130.001605107229
145 94.09420274621976 16.34644445448765 9122.925236750361
146 94.04879570537385 16.325511211986374 9113.69828996384
147 93.99980340547854 16.315523491977835 9104.159347085897
148 93.95224276880766 16.300096702309858 9094.717073793625
149 93.91458370247975 16.267206054348634 9086.57102482471
150 93.87535045193115 16.236210053777732 9078.195939383284
151 93.84962156693476 16.193337866093383 9071.97565950232
152 93.80084422185283 16.18234829800548 9062.466773170263
153 93.75671307894336 16.158844208456966 9053.429493520493
154 93.71717804513689 16.12823406141515 9045.02939468368
155 93.67941140406136 16.095466992246973 9036.896178709892
156 93.64559227922402 16.058639464564045 9029.376854779515
157 93.5971273776199 16.04634502222193 9019.90744191459
158 93.57811207530204 16.00010198731114 9014.866323182148
159 93.53074658994247 15.984086032870284 9005.491563978234
160 93.48424303928745 15.965717043336923 8996.207817336463
161 93.44281093395318 15.937728105386897 8987.57009239976
162 93.41927510927552 15.893613879147027 8981.767924081918
163 93.37725187174672 15.866520568024209 8973.057642055162
164 93.33223787213736 15.84475500257858 8963.96288731297
165 93.28492566267488 15.828582345537185 8954.62137496023
166 93.24319212537334 15.801044882613 8945.965897111637
167 93.21179432513752 15.762132440639368 8938.883420387994
168 93.17567641509173 15.72755648694429 8931.062708459905
169 93.15315612627967 15.682915288575275 8925.464328235663
170 93.11074368549059 15.65643539306353 8916.7345588823
171 93.06584458929403 15.634433775833598 8907.686948609555
172 93.02328219678512 15.608195583366951 8898.946800031355
173 92.97526098991001 15.59426849859453 8889.58036614814
174 92.92669094961987 15.582396212116626 8880.18096255755
175 92.87864875022804 15.56854171546046 8870.822884814268
176 92.83600297743703 15.54243926226046 8862.090867047753
177 92.80121826364918 15.50652236252375 8854.518346996902
178 92.75312495632065 15.492846332756189 8845.17047665323
179 92.7050155565194 15.47922702107154 8835.826378504376
180 92.65986642230783 15.457743174117482 8826.792669436905
181 92.61354776164848 15.438912834908555 8817.629258523048
182 92.57134085797844 15.41210654306153 8808.986176338709
183 92.52385158827985 15.396461439562497 8799.714137589972
184 92.49221472768558 15.35774310990149 8792.670058662025
185 92.44474402948858 15.342041746499241 8783.408943628989
186 92.40503210031856 15.311661445618645 8775.13693368615
187 92.3752095367906 15.271528981146334 8768.398934387962
188 92.33030642823691 15.249535553896024 8759.433819741666
189 92.28065536109746 15.243638814804447 8750.087878189857
190 92.24247225674098 15.211358007167366 8742.059100457844
191 92.19342721111067 15.201632602336637 8732.717654706787
192 92.14428505018043 15.192410454045389 8723.378602813093
193 92.10096031969626 15.167451132570758 8714.638465669186
194 92.06352291859773 15.134308395825157 8706.739542803112
195 92.01356850826505 15.13217370888924 8697.479470781185
196 91.96860670250753 15.110300528438678 8688.545800860245
197 91.91973899788638 15.099720006473284 8679.239961713445
198 91.87716140152928 15.07350649300311 8670.623385197268
199 91.83767356212451 15.042835488142764 8662.44518482667
200 91.803300461336 15.006524471327168 8655.041752302874
