0 -1.8 0.7727644875559871
1 -1.8190407862782796 0.7352686381464429
2 -1.8393740601608202 0.6925825356690877
3 -1.8610142193135977 0.644326784838604
4 -1.8839567277838072 0.5902069043881578
5 -1.90817428812772 0.5300524709200665
6 -1.9336132334726943 0.46385844459779946
7 -1.9601905134132327 0.391824448134216
8 -1.9877917134172163 0.3143863586737214
9 -2.0162705669006677 0.23223376318822003
10 -2.045450366956727 0.14630714360979447
11 -2.0751275433344696 0.057770494655429314
12 -2.1050774400446834 -0.03204152779679093
13 -2.1350620361974886 -0.12169837926866665
14 -2.164839050051052 -0.20976229817906755
15 -2.194171622397109 -0.29487964450811505
16 -2.222837654486144 -0.37586278790799954
17 -2.250637914344629 -0.45175223328556896
18 -2.2774022175813897 -0.5218526518534078
19 -2.3029932868982077 -0.585741441779415
20 -2.327308226072386 -0.643252993389493
21 -2.3502778370365687 -0.6944449355505434
22 -2.3718642125623295 -0.7395538803029537
23 -2.3920571334089007 -0.7789477631346673
24 -2.4108697978686924 -0.8130803707258121
25 -2.428334341368777 -0.8424517107644169
26 -2.444497497110373 -0.8675760306058475
27 -2.4594166340829453 -0.8889578345242962
28 -2.473156305534406 -0.9070752805937782
29 -2.4857853590144674 -0.9223698175410493
30 -2.4973746009103115 -0.9352407428367848
31 -2.507994971791038 -0.9460434068376433
32 -2.5177161695125676 -0.9550899522042848
33 -2.5266056500867347 -0.9626516894129787
34 -2.534727937472891 -0.9689624216551809
35 -2.542144179302694 -0.9742222210836633
36 -2.5489118936548274 -0.9786013132883234
37 -2.5550848607426477 -0.9822438470344785
38 -2.5607131217943957 -0.9852714152439848
39 -2.565843054978443 -0.9877862563514637
40 -2.570517504741446 -0.9898741081661248
41 -2.5747759463559436 -0.9916067142910426
42 -2.578654671888336 -0.9930440001987936
43 -2.582186987319078 -0.9942359455262265
44 -2.5854034133109525 -0.9952241835061687
45 -2.5883318842614713 -0.9960433594996112
46 -2.590997941912208 -0.9967222796003024
47 -2.5934249210249183 -0.9972848781292389
48 -2.5956341255580644 -0.9977510301035407
49 -2.597644994458465 -0.9981372318303033
50 -2.599475256677582 -0.998457169874943
51 -2.601141075375036 -0.9987221959211781
52 -2.602657181518069 -0.9989417225469913
53 -2.6040369972519137 -0.9991235527166659
54 -2.605292749522923 -0.9992741538360875
55 -2.6064355744997476 -0.9993988855245246
56 -2.6074756133697456 -0.9995021888002098
57 -2.6084221000971906 -0.9995877431348078
58 -2.609283441723489 -0.99965859677789
59 -2.610067291772449 -0.9997172748623593
60 -2.61078061729954 -0.9997658690526418
61 -2.6114297600955956 -0.9998061118688779
62 -2.6120204925245964 -0.9998394382941482
63 -2.6125580684434007 -0.9998670368321443
64 -2.613047269619663 -0.9998898918159654
65 -2.613492448033146 -0.9999088184631979
66 -2.613897564415903 -0.9999244919181711
67 -2.614266223358516 -0.9999374713108679
68 -2.6146017052828943 -0.9999482196862907
69 -2.614906995557217 -0.9999571205122115
70 -2.615184811005373 -0.9999644913521497
71 -2.6154376240417316 -0.9999705951899577
72 -2.615667684642221 -0.9999756498090807
73 -2.6158770403443556 -0.9999798355604582
74 -2.616067554452051 -0.9999833017957681
75 -2.616240922605616 -0.9999861721952362
76 -2.6163986878631587 -0.9999885491798987
77 -2.6165422544267214 -0.999990517565604
78 -2.6166729001346027 -0.999992147589034
79 -2.616791787830537 -0.9999934974136495
80 -2.6168999757105222 -0.9999946152049313
81 -2.6169984267390967 -0.9999955408489325
82 -2.617088017218647 -0.9999963073754435
83 -2.617169544587853 -0.9999969421365368
84 -2.61724373451856 -0.9999974677825337
85 -2.6173112473741384 -0.999997903070214
86 -2.6173726840867575 -0.9999982635320998
87 -2.6174285915058233 -0.9999985620306957
88 -2.617479467265148 -0.9999988092174571
89 -2.6175257642121426 -0.9999990139128652
90 -2.617567894438436 -0.9999991834211674
91 -2.617606232947776 -0.9999993237910165
92 -2.617641120993847 -0.999999440031305
93 -2.617672869117709 -0.9999995362898991
94 -2.6177017599118844 -0.9999996160016487
95 -2.617728050535684 -0.9999996820109537
96 -2.617751975004171 -0.9999997366732628
97 -2.6177737462711193 -0.9999997819391235
98 -2.617793558124513 -0.9999998194237845
99 -2.617811586911456 -0.9999998504648333
100 -2.617827993107842 -0.9999998761699267
101 -2.617842922746754 -0.9999998974563151
102 -2.6178565087183165 -0.9999999150835738
103 -2.6178688719525525 -0.9999999296807068
104 -2.6178801224957935 -0.999999941768593
105 -2.617890360490208 -0.9999999517785716
106 -2.617899677065174 -0.999999960067835
107 -2.61790815514843 -0.999999966932174
108 -2.6179158702042207 -0.9999999726165332
109 -2.617922890905011 -0.9999999773237511
110 -2.6179292797427465 -0.9999999812217982
111 -2.617935093585097 -0.9999999844497711
112 -2.6179403841816455 -0.9999999871228554
113 -2.6179451986245117 -0.9999999893364365
114 -2.617949579767525 -0.9999999911695031
115 -2.61795356660767 -0.9999999926874655
116 -2.6179571946322056 -0.9999999939444902
117 -2.617960496134535 -0.9999999949854323
118 -2.617963500501656 -0.9999999958474365
119 -2.617966234475738 -0.9999999965612621
120 -2.617968722392153 -0.9999999971523812
121 -2.6179709863960916 -0.9999999976418869
122 -2.6179730466396762 -0.9999999980472465
123 -2.6179749214613386 -0.9999999983829249
124 -2.6179766275490515 -0.9999999986609001
125 -2.6179781800888704 -0.9999999988910914
126 -2.617979592900106 -0.9999999990817128
127 -2.6179808785583303 -0.9999999992395663
128 -2.6179820485073146 -0.9999999993702848
129 -2.6179831131608906 -0.9999999994785329
130 -2.617984081995645 -0.9999999995681731
131 -2.617984963635271 -0.9999999996424042
132 -2.617985765927331 -0.9999999997038749
133 -2.6179864960131054 -0.9999999997547788
134 -2.61798716039116 -0.9999999997969323
135 -2.61798776497519 -0.9999999998318396
136 -2.6179883151466576 -0.9999999998607464
137 -2.617988815802693 -0.9999999998846841
138 -2.617989271399685 -0.9999999999045069
139 -2.617989685992948 -0.9999999999209221
140 -2.617990063272817 -0.9999999999345156
141 -2.617990406597498 -0.9999999999457724
142 -2.617990719022958 -0.9999999999550941
143 -2.617991003330126 -0.9999999999628134
144 -2.617991262049649 -0.9999999999692059
145 -2.617991497484415 -0.9999999999744993
146 -2.617991711730052 -0.9999999999788829
147 -2.617991906693582 -0.9999999999825129
148 -2.617992084110394 -0.9999999999855189
149 -2.617992245559693 -0.9999999999880083
150 -2.617992392478555 -0.9999999999900696
151 -2.6179925261747194 -0.9999999999917767
152 -2.6179926478382294 -0.9999999999931902
153 -2.617992758552023 -0.9999999999943608
154 -2.6179928593015753 -0.9999999999953302
155 -2.6179929509836684 -0.999999999996133
156 -2.617993034414373 -0.9999999999967977
157 -2.6179931103363137 -0.9999999999973481
158 -2.6179931794252798 -0.999999999997804
159 -2.617993242296239 -0.9999999999981816
160 -2.6179932995088118 -0.9999999999984941
161 -2.6179933515722533 -0.999999999998753
162 -2.617993398949985 -0.9999999999989674
163 -2.6179934420637205 -0.9999999999991449
164 -2.61799348129722 -0.9999999999992919
165 -2.6179935169997046 -0.9999999999994136
166 -2.6179935494889657 -0.9999999999995144
167 -2.6179935790541933 -0.9999999999995979
168 -2.6179936059585502 -0.999999999999667
169 -2.6179936304415152 -0.9999999999997242
170 -2.6179936527210135 -0.9999999999997716
171 -2.6179936729953566 -0.9999999999998109
172 -2.617993691445009 -0.9999999999998433
173 -2.617993708234193 -0.9999999999998703
174 -2.61799372351235 -0.9999999999998926
175 -2.617993737415473 -0.9999999999999111
176 -2.6179937500673147 -0.9999999999999264
177 -2.617993761580491 -0.999999999999939
178 -2.6179937720574813 -0.9999999999999495
179 -2.6179937815915424 -0.9999999999999581
180 -2.617993790267538 -0.9999999999999654
181 -2.617993798162694 -0.9999999999999714
182 -2.617993805347286 -0.9999999999999762
183 -2.6179938118852646 -0.9999999999999803
184 -2.6179938178348254 -0.9999999999999837
185 -2.6179938232489257 -0.9999999999999866
186 -2.617993828175757 -0.9999999999999888
187 -2.6179938326591734 -0.9999999999999908
188 -2.6179938367390823 -0.9999999999999923
189 -2.6179938404517995 -0.9999999999999937
190 -2.617993843830372 -0.9999999999999948
191 -2.617993846904873 -0.9999999999999957
192 -2.617993849702669 -0.9999999999999964
193 -2.617993852248663 -0.999999999999997
194 -2.6179938545655177 -0.9999999999999976
195 -2.6179938566738556 -0.999999999999998
196 -2.617993858592443 -0.9999999999999983
197 -2.6179938603383577 -0.9999999999999986
198 -2.61799386192714 -0.9999999999999989
199 -2.617993863372932 -0.999999999999999
200 -2.6179938646886027 -0.9999999999999992
yes
