0 1.8 0.634752
1 1.7926144000000002 0.6293195321605531
2 1.7852889493444732 0.6239750193695432
3 1.7780226945287374 0.6187163685647442
4 1.7708147029018868 0.6135415500225988
5 1.7636640620821913 0.6084485950456114
6 1.7565698793924291 0.6034355937482618
7 1.7495312813143515 0.5985006929366549
8 1.7425474129615195 0.5936420940773798
9 1.7356174375697824 0.5888580513512994
10 1.7287405360047077 0.5841468697882202
11 1.7219159062852956 0.5795069034786068
12 1.7151427631233478 0.5749365538587153
13 1.7084203374778848 0.5704342680657039
14 1.7017478761240319 0.5659985373594638
15 1.6951246412358247 0.5616278956080862
16 1.688549909982403 0.5573209178340334
17 1.682022974137089 0.5530762188182411
18 1.6755431396988651 0.5488924517595176
19 1.6691097265257921 0.544768306986739
20 1.6627220679799195 0.5407025107214691
21 1.6563795105832688 0.5366938238887511
22 1.6500814136844821 0.5327410409739286
23 1.643827149135746 0.528842988923465
24 1.6376161009796197 0.524998526087828
25 1.6314476651454108 0.5212065412045997
26 1.625321249154753 0.5174659524200682
27 1.6192362718360624 0.513775706347635
28 1.6131921630475532 0.5101347771614599
29 1.607188363408514 0.5065421657238351
30 1.6012243240385526 0.5029968987448562
31 1.5952995063045339 0.4994980279730269
32 1.5894133815749403 0.49604462941549415
33 1.5835654309814022 0.4926358025866777
34 1.5777551451871508 0.489270669784112
35 1.5719820241621547 0.48594837539037405
36 1.5662455769647177 0.48266808520002646
37 1.5605453215293152 0.4794289857705492
38 1.5548807844604626 0.47623028379628535
39 1.5492515008324113 0.47307120550446713
40 1.5436570139944803 0.4699509960724342
41 1.5380968753818367 0.4668689190651935
42 1.532570644331544 0.46382425589250964
43 1.5270778879037084 0.4608163052847518
44 1.5216181807075526 0.45784438278675565
45 1.5161911047322636 0.4549078202689934
46 1.510796249182453 0.4520059654553752
47 1.5054332103180876 0.4491381814670365
48 1.5001015912987452 0.44630384638149045
49 1.4948010020320568 0.4435023528065568
50 1.4895310590262048 0.44073310746849875
51 1.4842913852463484 0.4379955308138274
52 1.479081609974854 0.4352890566242556
53 1.4739013686752107 0.43261313164430454
54 1.4687503028595164 0.42996721522108644
55 1.463628059959427 0.42735077895581114
56 1.458534293200458 0.42476330636657683
57 1.4534686614795393 0.42220429256203046
58 1.4484308292457235 0.4196732439254947
59 1.4434204663839492 0.41716967780917885
60 1.4384372481017722 0.4146931222381056
61 1.4334808548189708 0.4122431156233998
62 1.4285509720599425 0.40981920648460163
63 1.423647290348807 0.4074209531806787
64 1.4187695051071367 0.4050479236494258
65 1.413917316554236 0.4026996951549527
66 1.409090429609896 0.40037585404297316
67 1.404288553799551 0.3980759955036197
68 1.3995114031617684 0.39579972334151875
69 1.3947586961580016 0.39354664975287224
70 1.3900301555845458 0.39131639510930183
71 1.3853255084866265 0.38910858774822044
72 1.380644486074567 0.3869228637695051
73 1.3759868236419701 0.38475886683825594
74 1.3713522604858601 0.3826162479934318
75 1.366740539828729 0.3804946654621617
76 1.3621514087424325 0.3783937844795405
77 1.3575846180738866 0.3763132771137229
78 1.3530399223725116 0.37425282209613797
79 1.3485170798193766 0.3722121046566512
80 1.3440158521579983 0.3701908163635108
81 1.3395360046267477 0.3681886549679191
82 1.33507730589282 0.36620532425307417
83 1.3306395279877272 0.3642405338875372
84 1.3262224462442695 0.3622939992827817
85 1.3218258392349482 0.36036544145478866
86 1.3174494887117791 0.3584545868895566
87 1.3130931795474705 0.35656116741239896
88 1.3087566996779278 0.3546849200609071
89 1.304439840046051 0.3528255869614609
90 1.3001423945467903 0.35098291520917413
91 1.2958641599734257 0.3491566567511647
92 1.2916049359650406 0.3473465682730439
93 1.2873645249551557 0.34555241108852447
94 1.283142732121495 0.3437739510320476
95 1.2789393653368528 0.3420109583543355
96 1.274754235121036 0.34026320762077744
97 1.2705871545938494 0.33853047761256233
98 1.2664379394291037 0.3368125512304714
99 1.262306407809613 0.3351092154012501
100 1.258192380383162 0.3334202609864792
101 1.254095680219417 0.3317454826938696
102 1.2500161327677544 0.3300846789909059
103 1.2459535658159875 0.3284376520207685
104 1.2419078094499663 0.3268042075204648
105 1.2378786960140296 0.32518415474110257
106 1.2338660600722882 0.3235773063702425
107 1.229869738370719 0.32198347845626707
108 1.225889569800048 0.3204024903347045
109 1.2219253953594067 0.3188341645564531
110 1.2179770581207385 0.3172783268178463
111 1.2140444031939401 0.3157348058925059
112 1.2101272776927188 0.31420343356493247
113 1.2062255307011487 0.312684044565779
114 1.202339013240908 0.31117647650876135
115 1.1984675782391827 0.3096805698291577
116 1.1946110804972199 0.30819616772385017
117 1.1907693766595142 0.30672311609286523
118 1.186942325183614 0.3052612634823691
119 1.1831297863105326 0.3038104610290777
120 1.1793316220357484 0.3023705624060403
121 1.175547696080782 0.30094142376975713
122 1.1717778738653364 0.29952290370859536
123 1.1680220224799864 0.29811486319246483
124 1.1642800106594051 0.29671716552371946
125 1.1605517087561152 0.2953296762892498
126 1.156836988714752 0.2939522633137333
127 1.153135724046828 0.2925847966140108
128 1.1494477898059863 0.2912271483545579
129 1.1457730625637308 0.28987919280401997
130 1.142111420385626 0.2885408062927845
131 1.138462742807951 0.2872118671715586
132 1.1348269108148015 0.28589225577092786
133 1.1312038068156265 0.28458185436186734
134 1.1275933146231927 0.2832805471171803
135 1.123995319431965 0.28198822007384
136 1.1204097077968946 0.2807047610962083
137 1.116836367612607 0.2794300598401103
138 1.113275188092977 0.27816400771774014
139 1.1097260597510883 0.27690649786337707
140 1.1061888743795627 0.27565742509988955
141 1.1026635250312564 0.27441668590600693
142 1.0991499060003111 0.2731841783843389
143 1.0956479128035557 0.2719598022301224
144 1.0921574421622475 0.2707434587006775
145 1.0886783919841496 0.2695350505855537
146 1.085210661345933 0.2683344821773486
147 1.0817541504758992 0.2671416592431815
148 1.0783087607370168 0.26595648899680546
149 1.0748743946102628 0.26477888007134126
150 1.0714509556782648 0.26360874249261684
151 1.0680383486092357 0.26244598765309773
152 1.0646364791411969 0.26129052828639265
153 1.0612452540664805 0.2601422784423195
154 1.0578645812165102 0.2590011534625195
155 1.0544943694468478 0.25786706995660247
156 1.0511345286225071 0.2567399457788129
157 1.0477849696035235 0.25561970000520245
158 1.044445604230779 0.25450625291129614
159 1.0411163453120733 0.2533995259502402
160 1.0377971066084384 0.2522994417314201
161 1.0344878028206914 0.2512059239995362
162 1.0311883495762195 0.25011889761412703
163 1.0278986634159937 0.24903828852952783
164 1.0246186617818056 0.2479640237752547
165 1.021348263003724 0.2468960314368038
166 1.0180873862877655 0.2458342406368552
167 1.0148359517037753 0.2447785815168718
168 1.0115938801735145 0.2437289852190839
169 1.0083610934589493 0.24268538386885016
170 1.005137514150738 0.24164771055738501
171 1.001923065656912 0.24061589932484598
172 0.9987176721917476 0.23958988514376922
173 0.9955212587648224 0.2385696039028481
174 0.9923337511702573 0.23755499239104416
175 0.9891550759761347 0.23654598828202475
176 0.9859851605140943 0.23554253011891751
177 0.9828239328691009 0.2345445572993768
178 0.9796713218693797 0.2335520100609515
179 0.9765272570765193 0.23256482946675106
180 0.9733916687757356 0.2315829573913992
181 0.970264487966295 0.23060633650727094
182 0.9671456463520951 0.22963491027100588
183 0.9640350763323968 0.2286686229102905
184 0.9609327109927084 0.22770741941090455
185 0.9578384840958157 0.2267512455040249
186 0.9547523300729581 0.22580004765378042
187 0.9516741840151454 0.22485377304505344
188 0.9486039816646145 0.2239123695715212
189 0.9455416594064224 0.222975785823932
190 0.9424871542601737 0.2220439710786111
191 0.9394404038718788 0.22111687528619112
192 0.9364013465059419 0.22019444906056157
193 0.9333699210372756 0.21927664366803307
194 0.9303460669435394 0.218363411016711
195 0.9273297242975006 0.2174547036460744
196 0.9243208337595148 0.21655047471675515
197 0.9213193365701242 0.21565067800051374
198 0.918325174542771 0.21475526787040575
199 0.915338290056624 0.21386419929113692
200 0.9123586260495175 0.21297742780960094
no
