0 -1.8 227.98100000000005
1 1.5489000000000022 13.923278988563107
2 1.053269919899997 1.6356339881891944
3 0.9867353658412147 1.2877654123555073
4 0.9475068776325487 1.159679358490061
5 0.9210173002917791 1.099286228557926
6 0.9017197646303954 1.0665085403756183
7 0.8869458998220189 1.0469824560198775
8 0.8752275537399828 1.034544897967892
9 0.8656813261162449 1.0262097125818546
10 0.8577401648596529 1.0203957565501725
11 0.8510217153804356 1.0162067900395642
12 0.8452579382431987 1.013106499365089
13 0.8402549019891058 1.0107594217052784
14 0.8358685670030305 1.0089478320984069
15 0.8319895555647976 1.0075259254764488
16 0.8285332209154596 1.0063933951635726
17 0.8254329697824183 1.0054796002496376
18 0.8226356522930856 1.0047337582152143
19 0.8200983051379248 1.0041186912774769
20 0.817785803746249 1.0036067355986624
21 0.8156691391438825 1.0031770038741048
22 0.8137241328736895 1.0028135159481837
23 0.8119304647217712 1.002503898625056
24 0.8102709274761287 1.0022384662460133
25 0.8087308489119296 1.0020095606371355
26 0.8072976386152798 1.0018110706740484
27 0.8059604291512736 1.0016380781266527
28 0.8047097893374143 1.0014865935259667
29 0.8035374931995557 1.0013533570325073
30 0.8024363323416887 1.0012356867991337
31 0.8013999624658613 1.0011313624202145
32 0.800422776977831 1.0010385345673294
33 0.7994998022413267 1.0009556543567673
34 0.7986266102600791 1.0008814177185814
35 0.7977992454845388 1.0008147212668876
36 0.7970141631388196 1.0007546270575105
37 0.7962681769996964 1.0007003342642335
38 0.7955584149743593 1.0006511562788072
39 0.7948822811469365 1.0006065020910206
40 0.794237423217532 1.0005658610674888
41 0.7936217044579345 1.0005287904453222
42 0.7930331794674483 1.000494905006664
43 0.7924700731396566 1.0004638685145104
44 0.7919307623533122 1.0004353865781965
45 0.7914137599833124 1.0004092006850192
46 0.790917700894938 1.000385083187436
47 0.7904413296394139 1.0003628330767778
48 0.7899834896138451 1.0003422724070496
49 0.7895431134856413 1.0003232432582407
50 0.7891192147122017 1.0003056051491086
51 0.7887108800120747 1.000289232825816
52 0.7883172626650402 1.0002740143659836
53 0.7879375765363015 1.0002598495483448
54 0.7875710907348891 1.000246648446793
55 0.7872171248289336 1.000234330214603
56 0.7868750445510826 1.0002228220303275
57 0.78654425793634 1.0002120581815286
58 0.7862242118422466 1.0002019792663701
59 0.7859143888078778 1.0001925314962523
60 0.7856143042137014 1.0001836660853074
61 0.7853235037091242 1.0001753387147525
62 0.7850415608786968 1.000167509061911
63 0.784768075121481 1.000160140385243
64 0.7845026697211622 1.0001531991579806
65 0.7842449900871447 1.0001466547440585
66 0.783994702149182 1.0001404791109048
67 0.7837514908900985 1.000134646574445
68 0.7835150590029147 1.0001291335722977
69 0.7832851256602187 1.0001239184617026
70 0.7830614253849693 1.0001189813391835
71 0.7828437070130898 1.0001143038793436
72 0.7826317327392502 1.0001098691905417
73 0.7824252772381417 1.0001056616854795
74 0.7822241268543556 1.0001016669649905
75 0.7820280788546875 1.0000978717135267
76 0.7818369407373151 1.000094263605041
77 0.7816505295928582 1.0000908312181087
78 0.7814686715128235 1.0000875639592803
79 0.7812912010413763 1.0000844519937802
80 0.7811179606667779 1.000081486182762
81 0.7809488003491728 1.0000786580264371
82 0.7807835770817277 1.000075959612457
83 0.7806221544823976 1.0000733835690148
84 0.7804644024138558 1.0000709230221818
85 0.780310196629339 1.0000685715570559
86 0.7801594184423676 1.0000663231823395
87 0.7800119544184783 1.000064172298013
88 0.7798676960872835 1.0000621136657992
89 0.7797265396732945 1.000060142382153
90 0.7795883858441056 1.0000582538535334
91 0.7794531394746401 1.0000564437737454
92 0.7793207094262762 1.000054708103156
93 0.779191008339765 1.000053043049613
94 0.779063952440946 1.0000514450509117
95 0.7789394613583449 1.000049910758668
96 0.7788174579518142 1.0000484370234721
97 0.7786978681514414 1.0000470208812122
98 0.7785806208060159 1.0000456595404617
99 0.7784656475403959 1.0000443503708383
100 0.7783528826211726 1.0000430908922553
101 0.7782422628300709 1.0000418787649834
102 0.778133727344575 1.0000407117804584
103 0.7780272176252964 1.0000395878527715
104 0.7779226773096486 1.0000385050107845
105 0.7778200521114167 1.0000374613908205
106 0.7777192897258446 1.0000364552298826
107 0.7776203397398892 1.0000354848593562
108 0.7775231535473152 1.0000345486991604
109 0.7774276842683296 1.0000336452523082
110 0.7773338866734728 1.0000327730998473
111 0.7772417171115072 1.0000319308961487
112 0.7771511334410593 1.0000311173645204
113 0.7770620949657894 1.0000303312931154
114 0.7769745623728764 1.0000295715311185
115 0.7768884976746254 1.0000288369851855
116 0.7768038641530096 1.0000281266161184
117 0.7767206263069791 1.0000274394357591
118 0.7766387498023755 1.0000267745040863
119 0.7765582014243022 1.0000261309264973
120 0.7764789490318145 1.000025507851266
121 0.7764009615147917 1.0000249044671627
122 0.7763242087528776 1.000024320001221
123 0.7762486615763684 1.0000237537166485
124 0.7761742917289443 1.0000232049108635
125 0.776101071832141 1.0000226729136545
126 0.7760289753514718 1.0000221570854524
127 0.7759579765641053 1.0000216568157052
128 0.7758880505280209 1.0000211715213534
129 0.7758191730525628 1.0000207006453936
130 0.7757513206703162 1.0000202436555305
131 0.7756844706102397 1.0000198000429048
132 0.7756186007719883 1.0000193693208974
133 0.7755536897013654 1.0000189510240025
134 0.7754897165668457 1.0000185447067655
135 0.7754266611371174 1.0000181499427818
136 0.7753645037595883 1.000017766323751
137 0.7753032253398113 1.0000173934585874
138 0.7752428073217824 1.0000170309725767
139 0.775183231669068 1.000016678506582
140 0.7751244808467215 1.0000163357162926
141 0.7750665378039509 1.0000160022715145
142 0.7750093859575011 1.0000156778554983
143 0.774953009175717 1.0000153621643046
144 0.7748973917632533 1.000015054906204
145 0.7748425184464047 1.0000147558011063
146 0.7747883743590221 1.0000144645800235
147 0.774734945028992 1.0000141809845584
148 0.774682216365249 1.000013904766421
149 0.7746301746453031 1.0000136356869698
150 0.7745788065032497 1.0000133735167773
151 0.7745280989182469 1.0000131180352163
152 0.7744780392034396 1.0000128690300694
153 0.774428614995304 1.0000126262971558
154 0.7743798142434002 1.000012389639979
155 0.7743316252005124 1.0000121588693913
156 0.7742840364131587 1.0000119338032742
157 0.7742370367124564 1.0000117142662353
158 0.774190615205326 1.000011500089321
159 0.7741447612660199 1.0000112911097414
160 0.7740994645279621 1.0000110871706087
161 0.7740547148758841 1.0000108881206902
162 0.7740105024382473 1.0000106938141713
163 0.7739668175799369 1.000010504110429
164 0.7739236508952189 1.0000103188738194
165 0.7738809932009432 1.0000101379734714
166 0.7738388355299952 1.0000099612830924
167 0.7737971691249698 1.000009788680782
168 0.7737559854320705 1.0000096200488557
169 0.7737152760952187 1.000009455273674
170 0.7736750329503689 1.0000092942454828
171 0.7736352480200159 1.0000091368582575
172 0.7735959135078926 1.000008983009557
173 0.7735570217938454 1.0000088326003826
174 0.7735185654288848 1.0000086855350439
175 0.7734805371304001 1.00000854172103
176 0.7734429297775359 1.0000084010688877
177 0.7734057364067203 1.0000082634921028
178 0.7733689502073414 1.0000081289069898
179 0.7733325645175672 1.0000079972325824
180 0.7732965728202987 1.000007868390533
181 0.7732609687392579 1.0000077423050124
182 0.7732257460351999 1.0000076189026172
183 0.7731908986022481 1.0000074981122795
184 0.7731564204643452 1.0000073798651794
185 0.7731223057718181 1.0000072640946642
186 0.7730885487980508 1.0000071507361674
187 0.7730551439362623 1.0000070397271343
188 0.7730220856963849 1.0000069310069486
189 0.7729893687020398 1.000006824516862
190 0.772956987687607 1.0000067201999288
191 0.7729249374953844 1.0000066180009402
192 0.7728932130728342 1.0000065178663635
193 0.7728618094699142 1.0000064197442828
194 0.7728307218364886 1.0000063235843428
195 0.772799945419818 1.0000062293376935
196 0.7727694755621243 1.000006136956938
197 0.7727393076982285 1.000006046396083
198 0.772709437353259 1.0000059576104898
199 0.7726798601404268 1.0000058705568284
200 0.772650571758867 1.0000057851930326
yes
