0 0.77 1.000001
1 0.769991 1.0000009919218502
2 0.76998204853439 1.0000009839305337
3 0.7699731452112776 1.0000009760248858
4 0.7699642896429811 1.0000009682037612
5 0.7699554814459731 1.0000009604660325
6 0.7699467202408246 1.0000009528105909
7 0.7699380056521506 1.0000009452363445
8 0.7699293373085568 1.0000009377422194
9 0.7699207148425857 1.0000009303271584
10 0.7699121378906651 1.0000009229901208
11 0.7699036060930579 1.0000009157300827
12 0.7698951190938093 1.000000908546036
13 0.7698866765406993 1.0000009014369886
14 0.7698782780851926 1.0000008944019638
15 0.7698699233823907 1.0000008874400004
16 0.7698616120909852 1.0000008805501515
17 0.769853343873211 1.0000008737314856
18 0.7698451183948 1.000000866983085
19 0.7698369353249357 1.000000860304047
20 0.7698287943362095 1.0000008536934817
21 0.7698206951045767 1.0000008471505135
22 0.7698126373093132 1.0000008406742806
23 0.7698046206329726 1.0000008342639335
24 0.7697966447613458 1.000000827918636
25 0.7697887093834185 1.000000821637565
26 0.769780814191331 1.0000008154199094
27 0.7697729588803387 1.0000008092648702
28 0.7697651431487721 1.0000008031716612
29 0.7697573666979989 1.000000797139507
30 0.7697496292323852 1.0000007911676452
31 0.7697419304592581 1.0000007852553232
32 0.769734270088869 1.0000007794018009
33 0.7697266478343567 1.0000007736063488
34 0.7697190634117124 1.0000007678682479
35 0.7697115165397418 1.0000007621867906
36 0.7697040069400346 1.000000756561279
37 0.7696965343369263 1.0000007509910258
38 0.7696890984574658 1.0000007454753543
39 0.7696816990313825 1.0000007400135968
40 0.7696743357910527 1.000000734605096
41 0.7696670084714677 1.0000007292492041
42 0.7696597168102017 1.0000007239452826
43 0.7696524605473808 1.0000007186927025
44 0.7696452394256513 1.0000007134908435
45 0.7696380531901501 1.0000007083390947
46 0.7696309015884738 1.000000703236854
47 0.7696237843706497 1.0000006981835277
48 0.7696167012891063 1.0000006931785308
49 0.7696096520986437 1.0000006882212864
50 0.7696026365564089 1.0000006833112265
51 0.7695956544218622 1.0000006784477904
52 0.7695887054567534 1.000000673630426
53 0.769581789425094 1.0000006688585887
54 0.7695749060931298 1.0000006641317418
55 0.7695680552293147 1.0000006594493558
56 0.7695612366042855 1.000000654810909
57 0.7695544499908353 1.0000006502158871
58 0.7695476951638882 1.0000006456637829
59 0.7695409719004748 1.0000006411540963
60 0.7695342799797074 1.0000006366863339
61 0.7695276191827556 1.0000006322600095
62 0.7695209892928231 1.0000006278746436
63 0.7695143900951232 1.0000006235297634
64 0.769507821376856 1.0000006192249027
65 0.7695012829271853 1.0000006149596012
66 0.7694947745372163 1.0000006107334056
67 0.7694882959999729 1.0000006065458684
68 0.7694818471103764 1.0000006023965486
69 0.7694754276652226 1.0000005982850106
70 0.7694690374631615 1.0000005942108257
71 0.7694626763046759 1.0000005901735702
72 0.7694563439920603 1.0000005861728263
73 0.7694500403294007 1.000000582208182
74 0.7694437651225541 1.0000005782792314
75 0.7694375181791288 1.0000005743855729
76 0.7694312993084644 1.0000005705268111
77 0.7694251083216127 1.000000566702556
78 0.7694189450313181 1.0000005629124225
79 0.769412809251999 1.0000005591560304
80 0.7694067007997288 1.0000005554330051
81 0.7694006194922183 1.0000005517429769
82 0.7693945651487959 1.0000005480855807
83 0.7693885375903917 1.0000005444604565
84 0.7693825366395182 1.0000005408672492
85 0.7693765621202535 1.0000005373056076
86 0.7693706138582244 1.0000005337751863
87 0.7693646916805884 1.0000005302756434
88 0.769358795416018 1.0000005268066419
89 0.7693529248946835 1.0000005233678495
90 0.7693470799482368 1.0000005199589377
91 0.7693412604097952 1.0000005165795827
92 0.7693354661139258 1.0000005132294645
93 0.7693296968966291 1.0000005099082674
94 0.7693239525953244 1.0000005066156803
95 0.769318233048834 1.0000005033513952
96 0.769312538097368 1.0000005001151087
97 0.7693068675825094 1.0000004969065213
98 0.7693012213471998 1.0000004937253368
99 0.7692955992357243 1.0000004905712634
100 0.7692900010936975 1.0000004874440127
101 0.7692844267680496 1.0000004843433001
102 0.7692788761070115 1.0000004812688446
103 0.7692733489601018 1.0000004782203686
104 0.769267845178113 1.0000004751975984
105 0.7692623646130977 1.0000004722002631
106 0.7692569071183561 1.000000469228096
107 0.7692514725484221 1.0000004662808333
108 0.7692460607590516 1.0000004633582145
109 0.7692406716072057 1.0000004604599824
110 0.7692353049510442 1.0000004575858834
111 0.7692299606499094 1.0000004547356662
112 0.7692246385643134 1.0000004519090835
113 0.7692193385559278 1.000000449105891
114 0.7692140604875707 1.0000004463258465
115 0.7692088042231947 1.0000004435687118
116 0.7692035696278756 1.0000004408342513
117 0.7691983565678017 1.0000004381222323
118 0.7691931649102596 1.000000435432425
119 0.769187994523626 1.0000004327646022
120 0.7691828452773545 1.00000043011854
121 0.7691777170419657 1.0000004274940164
122 0.769172609689036 1.000000424890813
123 0.7691675230911864 1.0000004223087136
124 0.769162457122073 1.0000004197475043
125 0.7691574116563753 1.0000004172069747
126 0.7691523865697862 1.0000004146869164
127 0.7691473817390024 1.000000412187123
128 0.7691423970417136 1.0000004097073918
129 0.7691374323565928 1.0000004072475215
130 0.7691324875632862 1.0000004048073137
131 0.7691275625424039 1.000000402386572
132 0.7691226571755098 1.0000003999851028
133 0.7691177713451123 1.0000003976027145
134 0.7691129049346551 1.0000003952392182
135 0.7691080578285074 1.0000003928944268
136 0.7691032299119553 1.0000003905681552
137 0.7690984210711924 1.0000003882602213
138 0.7690936311933104 1.0000003859704443
139 0.7690888601662915 1.0000003836986464
140 0.7690841078789983 1.000000381444651
141 0.769079374221166 1.000000379208284
142 0.7690746590833938 1.0000003769893737
143 0.7690699623571358 1.0000003747877497
144 0.7690652839346934 1.0000003726032443
145 0.7690606237092074 1.0000003704356908
146 0.7690559815746469 1.0000003682849254
147 0.7690513574258061 1.0000003661507857
148 0.7690467511582926 1.0000003640331114
149 0.7690421626685208 1.0000003619317441
150 0.7690375918537043 1.0000003598465266
151 0.7690330386118479 1.0000003577773044
152 0.7690285028417396 1.0000003557239243
153 0.7690239844429442 1.0000003536862347
154 0.7690194833157945 1.0000003516640863
155 0.7690149993613851 1.0000003496573309
156 0.7690105324815646 1.0000003476658224
157 0.7690060825789284 1.000000345689416
158 0.7690016495568119 1.000000343727969
159 0.7689972333192832 1.00000034178134
160 0.768992833771136 1.0000003398493893
161 0.7689884508178838 1.0000003379319786
162 0.7689840843657515 1.0000003360289715
163 0.7689797343216699 1.000000334140233
164 0.7689754005932689 1.0000003322656295
165 0.7689710830888704 1.000000330405029
166 0.7689667817174823 1.0000003285583006
167 0.7689624963887921 1.0000003267253157
168 0.7689582270131607 1.0000003249059464
169 0.7689539735016152 1.0000003231000665
170 0.7689497357658439 1.0000003213075512
171 0.7689455137181886 1.000000319528277
172 0.7689413072716424 1.0000003177621217
173 0.7689371163398382 1.000000316008965
174 0.7689329408370463 1.000000314268687
175 0.7689287806781681 1.0000003125411698
176 0.7689246357787292 1.0000003108262967
177 0.7689205060548753 1.0000003091239522
178 0.7689163914233651 1.0000003074340218
179 0.7689122918015656 1.0000003057563929
180 0.768908207107446 1.0000003040909533
181 0.7689041372595726 1.0000003024375925
182 0.7689000821771028 1.0000003007962015
183 0.7688960417797805 1.000000299166672
184 0.7688920159879307 1.0000002975488969
185 0.7688880047224533 1.0000002959427705
186 0.7688840079048195 1.0000002943481878
187 0.7688800254570647 1.0000002927650455
188 0.7688760573017853 1.0000002911932413
189 0.7688721033621326 1.0000002896326736
190 0.7688681635618083 1.0000002880832422
191 0.7688642378250591 1.0000002865448478
192 0.7688603260766721 1.0000002850173924
193 0.7688564282419703 1.0000002835007789
194 0.7688525442468075 1.0000002819949112
195 0.7688486740175632 1.0000002804996941
196 0.7688448174811389 1.000000279015034
197 0.7688409745649529 1.0000002775408376
198 0.7688371451969352 1.0000002760770128
199 0.7688333293055245 1.0000002746234684
200 0.7688295268196622 1.0000002731801145
yes
