0 0.05 1.166375
1 0.07722499999999996 1.1027169287318281
2 0.09696454750625008 1.0684713176383842
3 0.11202766856209195 1.0481955577590205
4 0.1239468706496221 1.0353390198144068
5 0.13363884320657063 1.026753292256658
6 0.14168942620949507 1.0207813881319703
7 0.1484922968369625 1.01648851945492
8 0.15432267803072305 1.013317440205777
9 0.15937925178831486 1.010920693229544
10 0.16380930879182054 1.0090733669824743
11 0.16772451668246413 1.0076251848840998
12 0.1712111753085494 1.0064729666016594
13 0.17433709694785096 1.0055441718751792
14 0.17715634723304882 1.0047867315369614
15 0.1797125887845712 1.0041625770395528
16 0.1820414880238016 1.0036434157853025
17 0.18417247927395972 1.0032079088647123
18 0.1861300788271559 1.002839746628538
19 0.18793487808829565 1.002526312033817
20 0.1896043040765906 1.0022577366019438
21 0.19115320875637762 1.0020262234552695
22 0.1925943307129329 1.0018255550810604
23 0.19393866044388192 1.001650730821502
24 0.19519573204805613 1.0014976967462779
25 0.19637385811980992 1.0013631421670037
26 0.1974803203943377 1.0012443448012924
27 0.19852152560914876 1.0011390518467782
28 0.1995031337943395 1.0010453878357182
29 0.20043016453902654 1.0009617826544661
30 0.2013070855375589 1.000886914883411
31 0.20213788678133876 1.0008196668752136
32 0.20292614304865733 1.000759088898169
33 0.20367506679767422 1.0007043703326055
34 0.20438755314453336 1.0006548163934994
35 0.2050662182790313 1.000609829211821
36 0.2057134324117608 1.0005688923754221
37 0.20633134814256393 1.0005315582321488
38 0.20692192497800035 1.0004974374109081
39 0.2074869505959632 1.0004661901332323
40 0.2080280593514546 1.0004375189776729
41 0.20854674843340593 1.0004111628287733
42 0.2090443920141171 1.0003868917964018
43 0.20952225367714777 1.0003645029334876
44 0.20998149736380628 1.000343816613464
45 0.2104231970407559 1.0003246734550373
46 0.2108483452601609 1.000306931702799
47 0.211257860757968 1.0002904649889193
48 0.21165259521440286 1.0002751604145477
49 0.21203333928276205 1.0002609169003651
50 0.21240082797747104 1.0002476437644663
51 0.21275574549965437 1.0002352594928636
52 0.21309872956770715 1.000223690673701
53 0.2134303753112442 1.0002128710710172
54 0.2137512387790477 1.0002027408177994
55 0.2140618401050253 1.00019324571129
56 0.2143626663705365 1.000184336596175
57 0.2146541741965973 1.0001759688234932
58 0.21493679209530228 1.000168101774954
59 0.21521092260621555 1.0001606984438822
60 0.21547694424037106 1.000153725065313
61 0.2157352132518369 1.00014715078883
62 0.21598606525446312 1.000140947388665
63 0.2162298166994013 1.0001350890063434
64 0.21646676622721156 1.000129551921816
65 0.2166971959068273 1.0001243143495746
66 0.21692137237229087 1.0001193562567199
67 0.21713954786698617 1.000114659200352
68 0.2173519612040476 1.0001102061820073
69 0.21755883865070672 1.0001059815171474
70 0.2177603947435254 1.0001019707179768
71 0.21795683304074615 1.0000981603880696
72 0.2181483468173569 1.0000945381274837
73 0.21833511970790412 1.0000910924472006
74 0.21851732630158688 1.0000878126918722
75 0.21869513269372234 1.0000846889699757
76 0.21886869699727454 1.0000817120905845
77 0.21903816981778546 1.0000788735060622
78 0.21920369469473383 1.0000761652600565
79 0.2193654085120603 1.00007357994025
80 0.2195234418803486 1.0000711106353855
81 0.21967791949292267 1.0000687508961281
82 0.21982896045791653 1.0000664946993922
83 0.21997667860819067 1.0000643364157829
84 0.22012118279080245 1.0000622707798534
85 0.22026257713758884 1.0000602928629085
86 0.22040096131828693 1.000058398048105
87 0.22053643077749474 1.000056582007641
88 0.2206690769566639 1.0000548406818313
89 0.2207989875022189 1.0000531702599005
90 0.2209262464608042 1.0000515671623336
91 0.22105093446258076 1.0000500280246438
92 0.22117312889341711 1.0000485496824332
93 0.22129290405675384 1.0000471291576258
94 0.22141033132585697 1.0000457636457774
95 0.22152547928712188 1.0000444505043615
96 0.22163841387503497 1.0000431872419548
97 0.22174919849935507 1.000041971508237
98 0.22185789416503496 1.0000408010847435
99 0.22196455958536027 1.0000396738763049
100 0.22206925128875118 1.000038587903115
101 0.22217202371963984 1.0000375412933789
102 0.22227292933379708 1.000036532276491
103 0.22237201868846976 1.0000355591767032
104 0.22246934052765208 1.00003462040724
105 0.2225649418627945 1.0000337144648304
106 0.22265886804923335 1.0000328399246181
107 0.22275116285860552 1.0000319954354269
108 0.22284186854749014 1.0000311797153458
109 0.22293102592250566 1.0000303915476194
110 0.22301867440207584 1.0000296297768103
111 0.22310485207505906 1.0000288933052215
112 0.22318959575642822 1.0000281810895522
113 0.22327294104017179 1.0000274921377772
114 0.2233549223495758 1.0000268255062261
115 0.22343557298504205 1.0000261802968526
116 0.2235149251695709 1.0000255556546798
117 0.2235930100920559 1.0000249507654055
118 0.22366985794850006 1.0000243648531613
119 0.22374549798127583 1.0000237971784094
120 0.22381995851653372 1.0000232470359716
121 0.2238932669998617 1.0000227137531796
122 0.22396545003028975 1.0000221966881373
123 0.22403653339272905 1.0000216952280891
124 0.2241065420889289 1.000021208787887
125 0.2241755003670299 1.0000207368085487
126 0.22424343174978717 1.000020278755901
127 0.22431035906153401 1.0000198341193034
128 0.22437630445394874 1.0000194024104463
129 0.2244412894306892 1.0000189831622188
130 0.22450533487094973 1.0000185759276414
131 0.22456846105199973 1.0000181802788608
132 0.22463068767074718 1.0000177958061993
133 0.2246920338643852 1.0000174221172617
134 0.2247525182301599 1.0000170588360877
135 0.22481215884430591 1.000016705602355
136 0.22487097328019057 1.0000163620706244
137 0.2249289786257024 1.0000160279096268
138 0.22498619149992416 1.0000157028015895
139 0.22504262806912168 1.0000153864415975
140 0.22509830406208184 1.0000150785369912
141 0.2251532347848315 1.000014778806794
142 0.22520743513476488 1.0000144869811716
143 0.22526091961420702 1.0000142028009202
144 0.22531370234344236 1.0000139260169794
145 0.22536579707322557 1.0000136563899722
146 0.22541721719681104 1.0000133936897686
147 0.22546797576150743 1.0000131376950707
148 0.22551808547979113 1.0000128881930195
149 0.22556755873999101 1.0000126449788214
150 0.22561640761656904 1.000012407855394
151 0.22566464388000868 1.0000121766330283
152 0.22571227900633317 1.0000119511290702
153 0.22575932418626762 1.000011731167614
154 0.2258057903340611 1.0000115165792143
155 0.22585168809598186 1.000011307200611
156 0.2258970278585025 1.0000111028744656
157 0.22594181975618569 1.0000109034491143
158 0.22598607367928422 1.0000107087783277
159 0.22602979928106776 1.0000105187210875
160 0.22607300598488642 1.0000103331413688
161 0.22611570299098374 1.000010151907936
162 0.2261578992830684 1.0000099748941471
163 0.22619960363465424 1.0000098019777661
164 0.22624082461517944 1.000009633040786
165 0.22628157059591225 1.0000094679692586
166 0.22632184975565323 1.0000093066531324
167 0.22636167008624092 1.0000091489860983
168 0.2264010393978699 1.000008994865441
169 0.2264399653242281 1.0000088441918984
170 0.2264784553274604 1.0000086968695274
171 0.22651651670296544 1.0000085528055742
172 0.22655415658403286 1.0000084119103512
173 0.22659138194632544 1.0000082740971201
174 0.22662819961221448 1.0000081392819786
175 0.2266646162549711 1.0000080073837525
176 0.22670063840282245 1.000007878323894
177 0.22673627244287586 1.0000077520263808
178 0.2267715246249137 1.0000076284176245
179 0.22680640106506963 1.0000075074263777
180 0.22684090774938562 1.0000073889836492
181 0.2268750505372556 1.0000072730226197
182 0.22690883516476162 1.0000071594785638
183 0.22694226724790326 1.0000070482887724
184 0.2269753522857268 1.0000069393924804
185 0.2270080956633582 1.0000068327307974
186 0.22704050265493933 1.0000067282466387
187 0.2270725784264765 1.000006625884663
188 0.2271043280385995 1.0000065255912092
189 0.22713575644923842 1.0000064273142377
190 0.22716686851621823 1.0000063310032732
191 0.2271976689997741 1.0000062366093507
192 0.2272281625649935 1.000006144084962
193 0.22725835378418305 1.000006053384006
194 0.22728824713916637 1.0000059644617405
195 0.22731784702351304 1.000005877274735
196 0.22734715774470357 1.0000057917808267
197 0.22737618352622763 1.0000057079390767
198 0.22740492850962532 1.0000056257097298
199 0.22743339675646587 1.0000055450541734
200 0.22746159225027088 1.0000054659349007
yes
