0 0.3 0.992
1 0.3036 0.990632756288
2 0.3075992976 0.9889405574482446
3 0.31206679869325077 0.9868222317794979
4 0.3170879551329917 0.9841368252020395
5 0.322769972837963 0.9806843119844216
6 0.32924909195152674 0.976174958687452
7 0.33670095648008264 0.9701793328979147
8 0.34535569754723944 0.9620442159896258
9 0.3555203957153386 0.9507462348730176
10 0.36761343506830935 0.9346269497875561
11 0.3822186631030933 0.910891427638578
12 0.4001738046538202 0.8746085315783676
13 0.4227207563788784 0.8165924673734251
14 0.4517735091452225 0.8755256810488319
15 0.410105821046695 0.8508553135351314
16 0.43541711610071526 0.7958150078332656
17 0.3796175044117357 0.9154807237457616
18 0.3969507419652931 0.8817360734234387
19 0.41863497365531693 0.8282085459789111
20 0.44644769895919173 0.8521089254997372
21 0.40017851085993283 0.874597920218847
22 0.4227267346036778 0.8165750984364589
23 0.4517813215639251 0.8755582309547476
24 0.410120383395157 0.8508184513087631
25 0.435435848861502 0.7959195207514566
26 0.3796524222778384 0.9154201853308076
27 0.39699393566737395 0.8816423864708292
28 0.4186896178000102 0.8280565208980191
29 0.44651874907495726 0.8524374505380812
30 0.4003109482757201 0.8742990602686613
31 0.4228949826281171 0.8160858263621895
32 0.4520012139236376 0.8764722343204504
33 0.41053026275366045 0.8497784150412175
34 0.43596325170841416 0.7988495383079718
35 0.3806355011844848 0.9137038979288237
36 0.3982108233939405 0.8789825864396645
37 0.4202303386441762 0.8237330896756428
38 0.44852403602544694 0.8615297257408706
39 0.404048803151433 0.8656670979916196
40 0.42765525817595673 0.8018796095357814
41 0.4582416766603358 0.9006696730563546
42 0.4221624852948659 0.8182096221647948
43 0.45104420868557976 0.8724638774608505
44 0.40874640498992076 0.8542697785642301
45 0.4336698990134002 0.7859337247742432
46 0.42537181625645454 0.8087820915742412
47 0.45524362718442 0.8894646583913699
48 0.4165741210717586 0.833876828217934
49 0.4437716419674674 0.8394176597281024
50 0.39519034062735914 0.885512444521159
51 0.41641047018360355 0.8343215206750946
52 0.4435594329938104 0.8383847755080568
53 0.394794783100463 0.8863497730575759
54 0.41591132090679467 0.835672967841011
55 0.4429124453593583 0.8352116797425562
56 0.39358879814984415 0.8888774219072821
57 0.41439106749272436 0.8397437383938122
58 0.4409444090028599 0.8253372858294719
59 0.38992037838133076 0.8963352153041537
60 0.4097811755495899 0.8516755251539488
61 0.43499958677803585 0.7934776793380733
62 0.37883922975426376 0.9168225613401174
63 0.3959885221278032 0.883810326741782
64 0.4174184575856325 0.831569844685347
65 0.4448671972921301 0.8446881596328445
66 0.39723245575253086 0.8811241463224041
67 0.4189914228396552 0.827215255392411
68 0.44691125306095647 0.8542444697727033
69 0.4010425757056253 0.8726395000494227
70 0.42382495158706673 0.8133657362700302
71 0.453217467453257 0.881452248815759
72 0.41279735933287093 0.8439384259546329
73 0.4388853020015208 0.8146477273455627
74 0.3860822029308356 0.9037728154837062
75 0.4049812988331206 0.8634537602900005
76 0.42884634832189594 0.7982141153671207
77 0.4239233753669625 0.8130762945206802
78 0.45334627230609065 0.881972162705743
79 0.41303745157855304 0.8433112363557669
80 0.4391952433711293 0.8162801638803249
81 0.38665993364378437 0.9026768218057419
82 0.4057022611976208 0.8617259430738815
83 0.4297682095050186 0.7953463209095095
84 0.4225516347862765 0.8170833735184422
85 0.4515525229261129 0.8746027728955682
86 0.40969390273427364 0.85189550448872
87 0.43488737359020746 0.792846942103212
88 0.3786300643721382 0.9171807497780725
89 0.39573008781309404 0.8843632703357615
90 0.4170919795641971 0.8324643973269672
91 0.4444434440165225 0.8426618645694048
92 0.3964425796467984 0.8828345656007012
93 0.4179923268954852 0.8299897301062444
94 0.4456124714572287 0.8482142591251995
95 0.39862164679627277 0.8780757173356224
96 0.4207510303158852 0.8222557522151974
97 0.4492025987611026 0.8645277579825772
98 0.4053136440906951 0.8626590800101305
99 0.4292711981941364 0.7968958123769033
100 0.4219798204932619 0.8187366794117459
101 0.4508056931586646 0.8714525515341037
102 0.40830181204775073 0.8553750534057352
103 0.43309912656809757 0.7847579416507263
104 0.4226210325344256 0.8168820400622655
105 0.45164319732018854 0.8749819682141062
106 0.40986291980483136 0.8514692836120319
107 0.4351047026736679 0.7940675366288451
108 0.37903516578371826 0.9164860922368427
109 0.3962306752070318 0.8832906213112489
110 0.4177244658385405 0.8307284935515695
111 0.44526453853324827 0.8465740639465393
112 0.3979730998259744 0.8795052878467071
113 0.419929164521683 0.8245838501965037
114 0.4481317479373485 0.8597783672880991
115 0.4033175781552169 0.8673858778784913
116 0.4267222393802263 0.8047196996846001
117 0.45701564725565735 0.8961813221072772
118 0.4198771664845455 0.824730457232402
119 0.44806403385081095 0.8594747141504927
120 0.4031913590979083 0.867681070007441
121 0.42656127572038616 0.8052069077210056
122 0.45680427627288406 0.8953943923130374
123 0.4194831709726555 0.825838663237042
124 0.4475510982357037 0.8571616688006696
125 0.4022352471113516 0.8699029420123516
126 0.42534281085843195 0.8088687228647382
127 0.45520559882059564 0.8893175421126749
128 0.4165032362015899 0.8340695429227043
129 0.4436797189881708 0.8389707208995398
130 0.3950189961939508 0.8858756548569149
131 0.4161942215894392 0.834907919985338
132 0.44327908619702683 0.8370142788937661
133 0.39427221667125956 0.8874496848996224
134 0.4152522892490068 0.837446012030987
135 0.44205883953138053 0.8309699070973471
136 0.39199767688649123 0.8921545611865371
137 0.41238891975776637 0.8450015375809731
138 0.43835825121190247 0.8118527356341079
139 0.3850997802589863 0.9056175895894383
140 0.403756554333061 0.8663558134874635
141 0.42728225448035784 0.8030183057055562
142 0.45775136353177437 0.8988902773560712
143 0.42124854162322756 0.8208364936670718
144 0.4498513632836023 0.8673569349730289
145 0.40652294116063503 0.859741480447064
146 0.4308185997707284 0.7920457191855181
147 0.4235736084995276 0.8141035225141251
148 0.4528886119587284 0.8801183394468289
149 0.4121843726910694 0.8455321260500166
150 0.43809440505733743 0.810444523999144
151 0.38460797102687716 0.9065321767688839
152 0.4031440239944207 0.867791660925026
153 0.4265009172312851 0.8053893928882812
154 0.45672502676115295 0.89509835305885
155 0.4193354498827884 0.8262529567767665
156 0.4473588476450991 0.8562888722019187
157 0.4018768920104649 0.8707292576897592
158 0.4248865062594218 0.8102281398764065
159 0.45460752688644357 0.886987410216235
160 0.41538843011633025 0.8370807921508115
161 0.4422351173107101 0.8318510317649594
162 0.3923262586671638 0.891483153580874
163 0.412802046415194 0.8439261980017868
164 0.43889135178515415 0.8146796704969024
165 0.3860934797275276 0.903751501784069
166 0.4049953662118919 0.8634201856694933
167 0.42886432757281184 0.79815844194784
168 0.4239233408587841 0.8130763960537197
169 0.4533462271433106 0.8819719806598142
170 0.41303736739513075 0.843311456560907
171 0.4391951346801786 0.8162795928685388
172 0.3866597310438536 0.9026772076026566
173 0.4057020082741102 0.8617265517574014
174 0.42976788595579 0.7953473321672692
175 0.4225512764845144 0.8170844126234066
176 0.45155205479290894 0.8746008133451029
177 0.40969303013398195 0.8518977028608444
178 0.43488625168503114 0.7928406305121958
179 0.37862797314089736 0.9171843257369279
180 0.3957275043499132 0.8843687890140488
181 0.4170887164418443 0.8324733222859826
182 0.44443920950714255 0.8426415377837406
183 0.39643468652131375 0.882851574263517
184 0.41798234816483143 0.8300172900152093
185 0.44559950769420803 0.848153334073539
186 0.39859748234200465 0.8781291839658688
187 0.4207203958895285 0.8223428977170728
188 0.4491626639724144 0.8643524194747129
189 0.4052392056445814 0.8628373391417606
190 0.4291760250820054 0.7971916306958426
191 0.4218660245672748 0.8190645082654799
192 0.45065713085504433 0.870820150628292
193 0.40802489191380276 0.8560606547342597
194 0.4327437758316141 0.785904541073961
195 0.42308822471284563 0.8155227979107122
196 0.4522538289428305 0.8775170960531951
197 0.41100113714943576 0.8485776555165763
198 0.4365694744448338 0.8021877560807619
199 0.3817655003651699 0.9117026137218978
200 0.39961150801508116 0.8758720710478716
no
