0 0.76 0.999992
1 0.759964 0.9999918696989003
2 0.75992761015024 0.9999917365565418
3 0.7598908240952276 0.9999916004951432
4 0.7598536353407597 0.9999914614343566
5 0.7598160372501229 0.9999913192911676
6 0.7597780230401667 0.9999911739797921
7 0.7597395857772462 0.9999910254115679
8 0.7597007183730309 0.9999908734948415
9 0.7596614135801709 0.9999907181348495
10 0.7596216639878182 0.9999905592335951
11 0.7595814620169946 0.9999903966897191
12 0.759540799915803 0.999990230398364
13 0.7594996697544727 0.9999900602510328
14 0.7594580634202336 0.9999898861354408
15 0.7594159726120139 0.999989707935361
16 0.7593733888349518 0.9999895255304609
17 0.7593303033947121 0.9999893387961334
18 0.7592867073916051 0.9999891476033178
19 0.7592425917144948 0.9999889518183142
20 0.7591979470344895 0.999988751302587
21 0.7591527637984048 0.9999885459125604
22 0.7591070322219907 0.9999883354994032
23 0.7590607422829116 0.999988119908803
24 0.7590138837134692 0.9999878989807297
25 0.758966445993057 0.9999876725491869
26 0.7589184183403348 0.9999874404419509
27 0.7588697897051123 0.999987202480297
28 0.758820548759926 0.9999869584787116
29 0.7587706838912988 0.9999867082445891
30 0.7587201831906677 0.9999864515779149
31 0.7586690344449639 0.9999861882709301
32 0.7586172251268295 0.9999859181077805
33 0.7585647423844557 0.9999856408641458
34 0.7585115730310252 0.9999853563068507
35 0.7584577035337383 0.9999850641934546
36 0.7584031200024068 0.9999847642718191
37 0.7583478081775942 0.999984456279654
38 0.7582917534182796 0.9999841399440366
39 0.758234940689026 0.999983814980906
40 0.7581773545466267 0.9999834810945306
41 0.7581189791262068 0.9999831379769444
42 0.7580597981267525 0.9999827853073537
43 0.7579997947960412 0.9999824227515095
44 0.7579389519149434 0.9999820499610457
45 0.7578772517810656 0.9999816665727785
46 0.7578146761916998 0.9999812722079676
47 0.757751206426051 0.9999808664715331
48 0.7576868232266963 0.9999804489512283
49 0.7576215067802492 0.9999800192167647
50 0.7575552366971788 0.9999795768188842
51 0.7574879919907468 0.9999791212883775
52 0.7574197510550137 0.999978652135044
53 0.7573504916418672 0.9999781688465893
54 0.7572801908370221 0.9999776708874554
55 0.7572088250349368 0.9999771576975808
56 0.7571363699125888 0.9999766286910837
57 0.7570628004020498 0.9999760832548642
58 0.7569880906617946 0.9999755207471188
59 0.7569122140466742 0.999974940495763
60 0.7568351430764826 0.9999743417967523
61 0.756756849403038 0.9999737239122978
62 0.7566773037756972 0.9999730860689657
63 0.7565964760052135 0.9999724274556548
64 0.7565143349258475 0.9999717472214413
65 0.7564308483556292 0.9999710444732813
66 0.756345983054667 0.9999703182735615
67 0.7562597046813897 0.9999695676374859
68 0.7561719777466016 0.9999687915302851
69 0.756082765565223 0.999967988864237
70 0.7559920302055777 0.9999671584954817
71 0.7558997324360808 0.9999662992206167
72 0.7558058316691729 0.9999654097730538
73 0.7557102859023302 0.9999644888191193
74 0.7556130516559733 0.9999635349538777
75 0.7555140839080815 0.9999625466966546
76 0.7554133360253098 0.9999615224862373
77 0.7553107596903856 0.9999604606757235
78 0.75520630482555 0.9999593595269914
79 0.7550999195117912 0.9999582172047585
80 0.7549915499035977 0.999957031770194
81 0.7548811401389384 0.9999558011740481
82 0.7547686322441544 0.9999545232492558
83 0.7546539660334277 0.999953195702969
84 0.7545370790024596 0.9999518161079686
85 0.7544179062159675 0.9999503818933997
86 0.7542963801885788 0.9999488903347716
87 0.7541724307586634 0.9999473385431544
88 0.7540459849546142 0.9999457234534996
89 0.753916966853044 0.9999440418120048
90 0.7537852974283206 0.9999422901624331
91 0.7536508943928223 0.9999404648312883
92 0.7535136720272357 0.9999385619117387
93 0.753373541000168 0.9999365772461685
94 0.7532304081762798 0.999934506407224
95 0.7530841764120813 0.9999323446772076
96 0.7529347443384533 0.9999300870256541
97 0.7527820061288826 0.9999277280849113
98 0.7526258512523005 0.9999252621235173
99 0.7524661642093252 0.9999226830171543
100 0.752302824250592 0.9999199842169237
101 0.7521357050757392 0.9999171587146655
102 0.7519646745114861 0.9999141990050044
103 0.7517895941670879 0.9999110970437778
104 0.7516103190653003 0.9999078442024463
105 0.7514266972467948 0.9999044312180507
106 0.7512385693457807 0.9999008481382191
107 0.7510457681343571 0.9998970842606653
108 0.7508481180328821 0.9998931280665542
109 0.7506454345833697 0.9998889671470238
110 0.7504375238826214 0.999884588122066
111 0.7502241819714625 0.9998799765508615
112 0.7500051941760714 0.9998751168325432
113 0.7497803343969719 0.9998699920962257
114 0.7495493643407787 0.9998645840789799
115 0.7493120326892568 0.9998588729902456
116 0.7490680741996601 0.9998528373609668
117 0.7488172087296361 0.9998464538754903
118 0.748559140179233 0.9998396971839805
119 0.7482935553416836 0.9998325396927793
120 0.7480201226536778 0.9998249513297566
121 0.7477384908347389 0.9998168992812463
122 0.7474482874040761 0.9998083476966497
123 0.7471491170618767 0.9997992573561711
124 0.7468405599203904 0.9997895852964365
125 0.7465221695683314 0.9997792843879081
126 0.7461934709500221 0.9997683028570077
127 0.7458539580383119 0.9997565837446951
128 0.7455030912775483 0.9997440642918521
129 0.7451402947697151 0.999730675240173
130 0.744764953173208 0.9997163400352952
131 0.7443764082795089 0.9997009739165476
132 0.7439739552281462 0.9996844828748834
133 0.7435568383146763 0.9996667624571733
134 0.743124246339845 0.9996476963909564
135 0.7426753074404208 0.9996271549988128
136 0.7422090833332272 0.9996049933655329
137 0.7417245628933924 0.9995810492139723
138 0.7412206549754766 0.9995551404365806
139 0.7406961803715763 0.9995270622186704
140 0.7401498627832694 0.9994965836760672
141 0.7395803186638351 0.999463443913175
142 0.7389860457628494 0.9994273473868999
143 0.7383654101762166 0.9993879584362194
144 0.7377166316698767 0.9993448948050695
145 0.7370377670035613 0.9992977199458606
146 0.7363266909304117 0.9992459338399382
147 0.7355810744869937 0.9991889620065725
148 0.7347983601136535 0.9991261422894533
149 0.7339757330539826 0.9990567089036794
150 0.7331100883702026 0.9989797730894655
151 0.7321979927731596 0.998894299541276
152 0.7312356402943783 0.9987990775492274
153 0.7302188006142453 0.9986926854847957
154 0.729142758593027 0.9985734468593952
155 0.7280022432145606 0.9984393756464962
156 0.7267913437254448 0.9982881078353889
157 0.7255034102079149 0.9981168152063155
158 0.7241309351252608 0.9979220959807505
159 0.722665411474473 0.9976998351601658
160 0.7210971620030974 0.9974450248072486
161 0.7194151324013178 0.9971515309288097
162 0.71760663933407 0.9968117885170683
163 0.7156570614457511 0.9964163989813012
164 0.7135494577876685 0.9959535935605986
165 0.7112640931056015 0.9954085106499535
166 0.7087778425282782 0.994762211612958
167 0.7060634386005767 0.9939903242925658
168 0.703088510086432 0.9930611490467691
169 0.6998143426711779 0.9919329770581652
170 0.6961942637600637 0.9905502350971831
171 0.6921715125072049 0.9888378505290422
172 0.6876763948326788 0.986692864186652
173 0.6826224297667091 0.9839716957020384
174 0.676901048424271 0.9804703777440562
175 0.670374176787335 0.9758931195600659
176 0.6628636594655344 0.9698009299064039
177 0.6541358573792957 0.961525047641008
178 0.6438786791178105 0.9500159538738756
179 0.6316663983099091 0.9335694788442582
180 0.6169040896202279 0.9093070188028632
181 0.5987367377385197 0.8721360617551104
182 0.5758943643043715 0.8125395188451718
183 0.5464151665119963 0.8829313161230702
184 0.5865178703783605 0.8421451761259302
185 0.5602304634470185 0.8192829829917582
186 0.6122695838652428 0.9006241090014816
187 0.5929604319313951 0.8584825534095898
188 0.5685196085828119 0.7899480826003862
189 0.5760229403604675 0.8129182953428574
190 0.5465834657527379 0.8822551670376231
191 0.5868315801631034 0.8429684025767397
192 0.5606356469095312 0.8171673515908674
193 0.6130248458393647 0.902075333680334
194 0.5939041404625903 0.8607765467275078
195 0.5697281591896547 0.7937681721968853
196 0.5769184551594906 0.8155422794761804
197 0.5477549043056511 0.8774810657575502
198 0.5890151416257338 0.848619273824504
199 0.5634514895027444 0.8020728463309507
200 0.6182735764331158 0.9117723318485397
no
