0 1.0 2.0 7.0
1 0.98 1.96 6.802
2 0.9603999999999999 1.9208 6.6118408
3 0.9411919999999999 1.882384 6.42921190432
4 0.9223681599999999 1.84473632 6.253815112908928
5 0.9039207967999998 1.8078415936 6.085364034437735
6 0.8858423808639998 1.771684761728 5.923583618674
7 0.8681255332467198 1.73625106649344 5.76820970737451
8 0.8507630225817855 1.7015260451635712 5.618988602962479
9 0.8337477621301498 1.6674955242602998 5.475676654285165
10 0.8170728068875468 1.6341456137750938 5.338039858775472
11 0.8007313507497958 1.601462701499592 5.2058534803679635
12 0.7847167237348 1.5694334474696001 5.078901682545393
13 0.7690223892601039 1.538044778520208 4.956977175916594
14 0.7536419414749018 1.5072838829498039 4.8398808797502975
15 0.7385691026454038 1.4771382052908077 4.727421596912185
16 0.7237977205924957 1.4475954411849916 4.619415701674463
17 0.7093217661806458 1.4186435323612918 4.515686839888154
18 0.6951353308570325 1.390270661714066 4.416065641028583
19 0.6812326242398918 1.3624652484797848 4.320389441643851
20 0.667607971755094 1.3352159435101891 4.228502019754755
21 0.6542558123199921 1.3085116246399853 4.140253339772467
22 0.6411706960735922 1.2823413921471856 4.055499307517477
23 0.6283472821521204 1.2566945643042418 3.9741015349397846
24 0.615780336509078 1.231560673018157 3.8959271141561693
25 0.6034647297788965 1.2069294595577937 3.820848400435585
26 0.5913954351833186 1.1827908703666379 3.7487428037783355
27 0.5795675264796523 1.1591350529593052 3.6794925887487135
28 0.5679761759500592 1.1359523519001191 3.6129846822342646
29 0.5566166524310581 1.1132333048621168 3.549110488817788
30 0.5454843193824369 1.0909686387648745 3.4877657134606035
31 0.5345746329947881 1.069149265989577 3.4288501912075633
32 0.5238831403348924 1.0477662806697854 3.372267723635744
33 0.5134054775281945 1.0268109550563898 3.3179259217797687
34 0.5031373679776306 1.006274735955262 3.26573605527729
35 0.49307462061807833 0.9861492412361567 3.2156129074883095
36 0.48321312820571677 0.9664262564114335 3.1674746363517725
37 0.4735488656416024 0.9470977312832048 3.121242640752242
38 0.46407788832877034 0.9281557766575407 3.076841432178453
39 0.45479633056219493 0.9095926611243899 3.0341985114641865
40 0.44570040395095084 0.8914008079019017 2.9932442504102035
41 0.43678639587193185 0.8735727917438636 2.9539117780939597
42 0.42805066795449315 0.8561013359089862 2.9161368716814384
43 0.41948965459540327 0.8389793091908064 2.8798578515628535
44 0.41109986150349537 0.8221997230069903 2.8450154806409644
45 0.4028778642734255 0.8057557285468505 2.8115528676075825
46 0.39482030698795695 0.7896406139759135 2.779415374050322
47 0.38692390084819783 0.7738478016963952 2.7485505252379294
48 0.37918542283123385 0.7583708456624673 2.7189079244385073
49 0.3716017143746092 0.7432034287492179 2.6904391706307424
50 0.36416968008711703 0.7283393601742335 2.663097779473765
51 0.3568862864853747 0.7137725729707489 2.6368391074066038
52 0.3497485607556672 0.6994971215113339 2.6116202787533025
53 0.34275358954055385 0.6855071790811073 2.5874001157146718
54 0.3358985177497428 0.6717970354994851 2.5641390711323706
55 0.3291805473947479 0.6583610947894954 2.541799163915529
56 0.32259693644685294 0.6451938728937056 2.5203439170244737
57 0.3161449977179159 0.6322899954358314 2.4997382979103047
58 0.30982209776355757 0.6196441955271148 2.4799486613130566
59 0.30362565580828643 0.6072513116165725 2.46094269432506
60 0.2975531426921207 0.595106285384241 2.4426893636297873
61 0.29160207983827824 0.5832041596765563 2.4251588648300477
62 0.28577003824151265 0.5715400764830252 2.408322573782778
63 0.2800546374766824 0.5601092749533647 2.39215299986098
64 0.2744535447271488 0.5489070894542974 2.376623741066485
65 0.2689644738326058 0.5379289476652115 2.3617094409202526
66 0.2635851843559537 0.5271703687119073 2.3473857470598105
67 0.2583134806688346 0.516626961337669 2.3336292714762417
68 0.2531472110554579 0.5062944221109157 2.3204175523257824
69 0.24808426683434875 0.4961685336686974 2.3077290172536817
70 0.24312258149766178 0.48624516299532344 2.2955429481704357
71 0.23826012986770853 0.47652025973541695 2.2838394474228867
72 0.23349492727035437 0.4669898545407086 2.2725994053049403
73 0.22882502872494728 0.45765005744989445 2.261804468854865
74 0.22424852815044835 0.44849705630089653 2.251437011888212
75 0.21976355758743937 0.43952711517487864 2.241480106217439
76 0.2153682864356906 0.43073657287138106 2.231917494011228
77 0.21106092070697677 0.4221218414139534 2.2227335612483836
78 0.2068397022928372 0.4136794045856743 2.2139133122229477
79 0.20270290824698048 0.40540581649396085 2.205442345058919
80 0.19864885008204086 0.3972977001640816 2.1973068281945856
81 0.19467587308040005 0.3893517461608 2.18949347779808
82 0.19078235561879206 0.381564711237584 2.181989536077276
83 0.1869667085064162 0.37393341701283234 2.174782750448616
84 0.18322737433628788 0.3664547486725757 2.1678613535308506
85 0.17956282684956212 0.3591256536991242 2.1612140439310292
86 0.17597157031257088 0.3519431406251417 2.1548299677913603
87 0.17245213890631947 0.3449042778126389 2.1486987010668224
88 0.1690030961281931 0.3380061922563861 2.1428102325045764
89 0.1656230342056292 0.33124606841125837 2.137154947297395
90 0.16231057352151673 0.3246211470430334 2.1317236113844182
91 0.1590643620510864 0.31812872410217274 2.1265073563735957
92 0.15588307481006464 0.3117661496201293 2.121497665061201
93 0.15276541331386334 0.3055308266277267 2.1166863575247774
94 0.14971010504758606 0.2994202100951721 2.1120655777667965
95 0.14671590294663434 0.29343180589326867 2.1076277808872312
96 0.14378158488770165 0.2875631697754033 2.1033657207640966
97 0.1409059531899476 0.2818119063798952 2.0992724382218384
98 0.13808783412614867 0.27617566825229733 2.0953412496682535
99 0.13532607744362568 0.27065215488725136 2.091565736181391
100 0.13261955589475316 0.2652391117895063 2.0879397330286076
101 0.1299671647768581 0.2599343295537162 2.084457319600675
102 0.12736782148132095 0.2547356429626419 2.0811128097444884
103 0.12482046505169453 0.24964093010338909 2.0779007424786067
104 0.12232405575066056 0.2446481115013213 2.074815873076454
105 0.11987757463564735 0.23975514927129488 2.071853164502626
106 0.11748002314293403 0.23496004628586897 2.069007779188322
107 0.11513042268007626 0.23026084536015157 2.0662750711324644
108 0.11282781422647473 0.22565562845294854 2.063650578315619
109 0.11057125794194517 0.22114251588388958 2.0611300154143204
110 0.10835983278310604 0.2167196655662118 2.0587092668039135
111 0.10619263612744392 0.21238527225488757 2.0563843798384784
112 0.10406878340489505 0.20813756680978973 2.0541515583968746
113 0.10198740773679708 0.20397481547359395 2.0520071566843585
114 0.09994765958206113 0.19989531916412207 2.0499476732796578
115 0.0979487063904199 0.1958974127808396 2.047969745417783
116 0.0959897322626115 0.19197946452522283 2.046070143499239
117 0.09406993761735927 0.18813987523471837 2.0442457658166693
118 0.09218853886501209 0.184377077730024 2.042493633490329
119 0.09034476808771184 0.18068953617542352 2.0408108856041123
120 0.0885378727259576 0.17707574545191507 2.0391947745341894
121 0.08676711527143845 0.17353423054287676 2.0376426614626353
122 0.08503177296600967 0.17006354593201922 2.036152012068715
123 0.08333113750668948 0.16666227501337885 2.0347203923907937
124 0.08166451475655569 0.16332902951311126 2.0333454648521183
125 0.08003122446142458 0.16006244892284904 2.0320249844439746
126 0.07843059997219586 0.15686119994439207 2.030756795059993
127 0.07686198797275198 0.15372397594550433 2.0295388259756173
128 0.07532474821329731 0.15064949642659423 2.028369088466983
129 0.07381825324903135 0.14763650649806231 2.0272456725636907
130 0.0723418881840507 0.14468377636810106 2.0261667439301685
131 0.07089505042036968 0.14179010084073904 2.0251305408705336
132 0.0694771494119616 0.13895429882392427 2.0241353714520605
133 0.06808760642372237 0.1361752128474456 2.023179610742559
134 0.06672585429524794 0.1334517085904967 2.0222616981571537
135 0.06539133720934298 0.13078267441868677 2.0213801349101304
136 0.06408351046515601 0.12816702093031282 2.020533481567689
137 0.06280184025585289 0.12560368051170656 2.0197203556976087
138 0.061545803450735834 0.12309160690147243 2.0189394296119834
139 0.06031488738172112 0.12062977476344298 2.018189428199349
140 0.05910858963408669 0.11821717926817413 2.0174691268426543
141 0.057926417841404954 0.11585283568281064 2.0167773494196855
142 0.056767889484577505 0.11353577896915444 2.016112966382666
143 0.05563253169488596 0.11126506338977135 2.0154748929139124
144 0.05451988106098823 0.10903976212197593 2.0148620871545213
145 0.053429483439768846 0.10685896687953642 2.0142735485032026
146 0.052360893770973464 0.10472178754194568 2.0137083159824756
147 0.05131367589555399 0.10262735179110676 2.0131654666695695
148 0.05028740237764285 0.10057480475528463 2.0126441141894547
149 0.04928165433008988 0.09856330866017894 2.012143407267552
150 0.04829602124348756 0.09659204248697537 2.011662528339757
151 0.047330100818617805 0.09466020163723586 2.0112006922175025
152 0.046383498802245446 0.09276699760449114 2.0107571448056896
153 0.04545582882620059 0.09091165765240143 2.010331161871384
154 0.044546712249676594 0.0890934244993534 2.0099220478612776
155 0.043655778004683066 0.08731155600936634 2.009529134765971
156 0.042782662444589524 0.08556532488917926 2.0091517810292383
157 0.04192700919569774 0.08385401839139567 2.0087893705004807
158 0.04108846901178378 0.08217693802356775 2.0084413114286614
159 0.04026669963154756 0.0805333992630964 2.0081070354960864
160 0.039461365638916605 0.07892273127783447 2.0077859968904415
161 0.03867213832613827 0.07734427665227778 2.00747767141358
162 0.03789869555961551 0.07579739111923221 2.007181555625602
163 0.0371407216484232 0.07428144329684758 2.0068971660228283
164 0.036397907215454745 0.07279581443091063 2.0066240382483245
165 0.03566994907114565 0.0713398981422924 2.0063617263336906
166 0.03495655008972274 0.06991310017944655 2.0061098019708767
167 0.034257419087928294 0.06851483817585761 2.00586785381283
168 0.03357227070616973 0.06714454141234046 2.005635486801842
169 0.03290082529204633 0.06580165058409364 2.005412321524489
170 0.03224280878620598 0.0644856175724118 2.005197993592119
171 0.03159795261048186 0.06319590522096355 2.004992153045871
172 0.030965993558272207 0.06193198711654428 2.0047944637852546
173 0.03034667368710676 0.06069334737421339 2.0046046030193585
174 0.029739740213364625 0.05947948042672912 2.004422260739792
175 0.029144945409097334 0.05828989081819454 2.0042471392144963
176 0.02856204650091539 0.05712409300183065 2.0040789525016023
177 0.02799080557089707 0.05598161114179401 2.003917425982539
178 0.027430989459479128 0.054861978918958124 2.00376229591363
179 0.026882369670289546 0.05376473934057896 2.0036133089954506
180 0.026344722276883753 0.052689444553767374 2.0034702219592306
181 0.02581782783134608 0.05163565566269203 2.003332801169645
182 0.02530147127471915 0.05060294254943817 2.0032008222433273
183 0.024795441849224758 0.049590883698449405 2.0030740696824916
184 0.02429953301224026 0.04859906602448041 2.0029523365230646
185 0.023813542351995464 0.047627084703990796 2.002835423996751
186 0.023337271504955553 0.04667454300991098 2.00272314120648
187 0.02287052607485643 0.04574105214971277 2.0026153048147033
188 0.0224131155533593 0.04482623110671852 2.002511738744041
189 0.021964853242292116 0.04392970648458415 2.002412273889777
190 0.021525556177446285 0.04305111235489247 2.002316747843742
191 0.02109504505389737 0.04219009010779462 2.0022250046291297
192 0.02067314415281942 0.041346288305638725 2.002136894445816
193 0.020259681269763023 0.04051936253952595 2.002052273425762
194 0.01985448764436775 0.039708975288735404 2.001971003398102
195 0.019457397891480384 0.03891479578296069 2.001892951663537
196 0.019068249933650756 0.03813649986730147 2.0018179907776608
197 0.018686884934977745 0.037373769869955456 2.0017459983428654
198 0.01831314723627816 0.036626294472556345 2.001676856808488
199 0.01794688429155259 0.03589376858310521 2.001610453278872
200 0.017587946605721556 0.03517589321144311 2.0015466793290284
yes
