0 1.0 2.0 97.0
1 0.98 1.0399999999999991 26.918799999999955
2 0.9603999999999996 0.5407999999999996 7.94151951999999
3 0.9411919999999996 0.28121599999999974 2.783820908607996
4 0.9223681599999995 0.14623231999999983 1.3639764164837613
5 0.9039207967999996 0.07604080639999984 0.9558457085986403
6 0.8858423808639996 0.039541219327999914 0.8222409163574791
7 0.8681255332467195 0.02056143405055995 0.7637884831600736
8 0.8507630225817852 0.010691945706291166 0.7265413454641657
9 0.8337477621301495 0.005559811767271401 0.695877207022332
10 0.8170728068875465 0.002891102118981154 0.6678085750701909
11 0.8007313507497955 0.0015033731018702257 0.6412249392099942
12 0.7847167237347996 0.0007817540129725428 0.615795003853161
13 0.7690223892601036 0.00040651208674570793 0.5913994012331584
14 0.7536419414749016 0.0002113862851077936 0.5679772483699358
15 0.7385691026454035 0.0001099208682560554 0.5454846093647713
16 0.7237977205924955 5.715885149315468e-05 0.5238832187461154
17 0.7093217661806456 2.97226027764401e-05 0.5031373891800252
18 0.6951353308570326 1.545575344376682e-05 0.48321313393884374
19 0.681232624239892 8.036991790758487e-06 0.46407788987900755
20 0.6676079717550941 4.1792357311893075e-06 0.44570040437013486
21 0.6542558123199922 2.173202580219607e-06 0.4280506680678403
22 0.6411706960735923 1.1300653416940467e-06 0.4110998615341441
23 0.6283472821521204 5.876339776817165e-07 0.394820306996244
24 0.615780336509078 3.055696683945941e-07 0.37918542283347434
25 0.6034647297788964 1.588962275706104e-07 0.36416968008772244
26 0.5913954351833185 8.262603825972066e-08 0.34974856075583055
27 0.5795675264796522 4.296553989352098e-08 0.3358985177497866
28 0.5679761759500591 2.2342080757516585e-08 0.3225969364468645
29 0.556616652431058 1.1617881984056933e-08 0.3098220977635604
30 0.5454843193824368 6.04129862827831e-09 0.2975531426921212
31 0.534574632994788 3.1414752868216024e-09 0.28577003824151254
32 0.5238831403348922 1.6335671773334034e-09 0.27445354472714845
33 0.5134054775281944 8.494549355305441e-10 0.26358518435595335
34 0.5031373679776305 4.4171657472738184e-10 0.2531472110554576
35 0.49307462061807794 2.2969261189622801e-10 0.2431225814976615
36 0.4832131282057164 1.1944025354218196e-10 0.2334949272703541
37 0.47354886564160203 6.210892491939864e-11 0.22424852815044805
38 0.46407788832877 3.2296641808099366e-11 0.21536828643569034
39 0.4547963305621946 1.67943046163798e-11 0.206839702292837
40 0.4457004039509507 8.733037407065912e-12 0.1986488500820406
41 0.4367863958719317 4.5411819795099924e-12 0.1907823556187918
42 0.42805066795449304 2.3614145018819444e-12 0.18322737433628766
43 0.41948965459540316 1.2279567297974324e-12 0.17597157031257066
44 0.4110998615034951 6.385348851318379e-13 0.16900309612819284
45 0.4028778642734252 3.3203807085618113e-13 0.16231057352151643
46 0.39482030698795667 1.7266333052583392e-13 0.15588307481006436
47 0.38692390084819756 8.978819167554382e-14 0.1497101050475858
48 0.37918542283123363 4.6693770052337006e-14 0.14378158488770143
49 0.371601714374609 2.4278188945268142e-14 0.13808783412614847
50 0.3641696800871168 1.2625288078802495e-14 0.132619555894753
51 0.35688628648537446 6.568163826958703e-15 0.12736782148132078
52 0.34974856075566696 3.441739069059441e-15 0.12232405575066047
53 0.3427535895405536 1.789727208417207e-15 0.1174800231429343
54 0.33589851774974255 9.370759255050865e-16 0.11282781422647412
55 0.3291805473947477 4.83947033072298e-16 0.10835983278310575
56 0.3225969364468528 2.5336551893379126e-16 0.10406878340489477
57 0.3161449977179157 1.3345225213556938e-16 0.09994765958206094
58 0.3098220977635574 1.3345225213556938e-16 0.09598973226261132
59 0.30362565580828627 1.3345225213556938e-16 0.09218853886501192
60 0.2975531426921205 1.3345225213556938e-16 0.08853787272595744
61 0.2916020798382781 1.3345225213556938e-16 0.08503177296600953
62 0.28577003824151254 1.3345225213556938e-16 0.08166451475655553
63 0.2800546374766823 1.3345225213556938e-16 0.07843059997219595
64 0.27445354472714867 1.3345225213556938e-16 0.07532474821329699
65 0.2689644738326057 1.3345225213556938e-16 0.07234188818405043
66 0.2635851843559536 1.3345225213556938e-16 0.06947714941196204
67 0.2583134806688345 1.3345225213556938e-16 0.06672585429524835
68 0.25314721105545784 1.3345225213556938e-16 0.06408351046515652
69 0.2480842668343487 1.3345225213556938e-16 0.061545803450736326
70 0.24312258149766172 6.240715869826425e-17 0.05910858963408717
71 0.23826012986770848 6.240715869826425e-17 0.05676788948457731
72 0.2334949272703543 6.240715869826425e-17 0.05451988106098805
73 0.22882502872494723 6.240715869826425e-17 0.05236089377097292
74 0.22424852815044827 6.240715869826425e-17 0.05028740237764239
75 0.2197635575874393 6.240715869826425e-17 0.048296021243487745
76 0.2153682864356905 6.240715869826425e-17 0.04638349880224563
77 0.21106092070697668 6.240715869826425e-17 0.0445467122496767
78 0.20683970229283716 6.240715869826425e-17 0.0427826624445895
79 0.20270290824698042 6.240715869826425e-17 0.041088469011783764
80 0.1986488500820408 6.240715869826425e-17 0.039461365638917126
81 0.1946758730804 6.240715869826425e-17 0.03789869555961601
82 0.19078235561879198 6.240715869826425e-17 0.03639790721545521
83 0.18696670850641614 6.240715869826425e-17 0.03495655008972318
84 0.18322737433628783 6.240715869826425e-17 0.033572270706170144
85 0.17956282684956207 6.240715869826425e-17 0.03224280878620581
86 0.17597157031257082 6.240715869826425e-17 0.030965993558272058
87 0.1724521389063194 3.333100201123909e-17 0.029739740213364486
88 0.16900309612819303 3.333100201123909e-17 0.028562046500915254
89 0.16562303420562918 3.333100201123909e-17 0.027430989459479013
90 0.1623105735215166 1.5567433617236583e-17 0.026344722276883642
91 0.15906436205108626 1.5567433617236583e-17 0.025301471274719052
92 0.15588307481006453 1.5567433617236583e-17 0.024299533012240172
93 0.15276541331386323 1.5567433617236583e-17 0.023337271504955463
94 0.14971010504758597 1.5567433617236583e-17 0.022413115553359227
95 0.14671590294663425 1.5567433617236583e-17 0.0215255561774462
96 0.14378158488770157 1.5567433617236583e-17 0.02067314415281933
97 0.14090595318994753 1.5567433617236583e-17 0.019854487644367685
98 0.13808783412614858 1.5567433617236583e-17 0.019068249933650725
99 0.1353260774436256 1.5567433617236583e-17 0.01831314723627815
100 0.13261955589475308 1.5567433617236583e-17 0.017587946605721536
101 0.12996716477685802 1.5567433617236583e-17 0.016891463920134964
102 0.12736782148132086 1.5567433617236583e-17 0.01622256194889762
103 0.12482046505169445 1.5567433617236583e-17 0.015580148495721275
104 0.12232405575066056 1.5567433617236583e-17 0.014963174615290713
105 0.11987757463564735 1.5567433617236583e-17 0.014370632900525203
106 0.1174800231429344 8.90609546948564e-18 0.013801555837664403
107 0.11513042268007571 8.90609546948564e-18 0.013255014226492893
108 0.1128278142264742 8.90609546948564e-18 0.012730115663123773
109 0.11057125794194471 8.90609546948564e-18 0.01222600308286407
110 0.10835983278310582 8.90609546948564e-18 0.011741853360782655
111 0.1061926361274437 8.90609546948564e-18 0.011276875967695662
112 0.10406878340489482 8.90609546948564e-18 0.010830311679374913
113 0.10198740773679693 8.90609546948564e-18 0.010401431336871667
114 0.09994765958206099 8.90609546948564e-18 0.009989534655931548
115 0.09794870639041978 8.90609546948564e-18 0.00959394908355666
116 0.09598973226261139 8.90609546948564e-18 0.009214028699847818
117 0.09406993761735916 8.90609546948564e-18 0.008849153163333843
118 0.09218853886501198 8.90609546948564e-18 0.008498726698065824
119 0.09034476808771173 8.90609546948564e-18 0.008162177120822416
120 0.08853787272595749 8.90609546948564e-18 0.007838954906837848
121 0.08676711527143834 8.90609546948564e-18 0.007528532292527068
122 0.08503177296600957 8.90609546948564e-18 0.007230402413742996
123 0.08333113750668938 8.90609546948564e-18 0.006944078478158774
124 0.08166451475655559 8.90609546948564e-18 0.006669092970423686
125 0.08003122446142448 8.90609546948564e-18 0.006404996888794908
126 0.078430599972196 8.90609546948564e-18 0.00615135901199863
127 0.07686198797275208 4.4652033709850135e-18 0.005907765195123486
128 0.07532474821329704 4.4652033709850135e-18 0.0056738176933965965
129 0.0738182532490311 4.4652033709850135e-18 0.005449134512738091
130 0.07234188818405048 4.4652033709850135e-18 0.005233348786033662
131 0.07089505042036946 4.4652033709850135e-18 0.005026108174106729
132 0.06947714941196208 4.4652033709850135e-18 0.004827074290412102
133 0.06808760642372283 4.4652033709850135e-18 0.0046359221485117825
134 0.06672585429524837 4.4652033709850135e-18 0.0044523396314307155
135 0.0653913372093434 4.4652033709850135e-18 0.004276026982026058
136 0.06408351046515653 4.4652033709850135e-18 0.004106696313537827
137 0.0628018402558534 4.4652033709850135e-18 0.00394407113952173
138 0.06154580345073634 4.4652033709850135e-18 0.0037878859223966694
139 0.06031488738172161 4.4652033709850135e-18 0.003637885639869761
140 0.059108589634087175 4.4652033709850135e-18 0.003493825368530918
141 0.05792641784140543 4.4652033709850135e-18 0.0033554698839370935
142 0.056767889484577325 4.4652033709850135e-18 0.003222593276533185
143 0.05563253169488578 4.4652033709850135e-18 0.0030949785827824707
144 0.05451988106098806 4.4652033709850135e-18 0.0029724174309042847
145 0.0534294834397683 4.4652033709850135e-18 0.002854709700640475
146 0.05236089377097293 4.4652033709850135e-18 0.002741663196495112
147 0.05131367589555347 4.4652033709850135e-18 0.002633093333913905
148 0.0502874023776424 4.4652033709850135e-18 0.0025288228378909142
149 0.04928165433008955 4.4652033709850135e-18 0.002428681453510434
150 0.04829602124348776 4.4652033709850135e-18 0.002332505667951421
151 0.04733010081861801 4.4652033709850135e-18 0.002240138443500545
152 0.04638349880224565 4.4652033709850135e-18 0.0021514289611379235
153 0.045455828826200737 4.4652033709850135e-18 0.002066232374276862
154 0.04454671224967672 4.4652033709850135e-18 0.0019844095722554977
155 0.043655778004683184 4.4652033709850135e-18 0.00190582695319418
156 0.04278266244458952 4.4652033709850135e-18 0.0018303562058476902
157 0.04192700919569772 4.4652033709850135e-18 0.0017578741000961215
158 0.04108846901178377 4.4652033709850135e-18 0.0016882622857323152
159 0.040266699631548095 4.4652033709850135e-18 0.0016214070992173154
160 0.03946136563891713 4.4652033709850135e-18 0.0015571993780883098
161 0.03867213832613879 4.4652033709850135e-18 0.001495534282716013
162 0.037898695559616016 4.4652033709850135e-18 0.0014363111251204587
163 0.0371407216484237 4.4652033709850135e-18 0.0013794332045656888
164 0.03639790721545522 4.4652033709850135e-18 0.0013248076496648873
165 0.035669949071146116 4.4652033709850135e-18 0.0012723452667381576
166 0.03495655008972319 4.4652033709850135e-18 0.0012219603941753263
167 0.034257419087928724 4.4652033709850135e-18 0.0011735707625659833
168 0.03357227070617015 4.4652033709850135e-18 0.0011270973603683704
169 0.03290082529204675 4.4652033709850135e-18 0.001082464304897783
170 0.032242808786205814 4.4652033709850135e-18 0.0010395987184238307
171 0.0315979526104817 4.4652033709850135e-18 0.000998430609174247
172 0.030965993558272065 4.4652033709850135e-18 0.000958892757050947
173 0.030346673687106623 4.4652033709850135e-18 0.0009209206038717295
174 0.02973974021336449 4.4652033709850135e-18 0.000884452147958409
175 0.0291449454090972 4.4652033709850135e-18 0.0008494278428992559
176 0.028562046500915254 4.4652033709850135e-18 0.0008157905003204453
177 0.02799080557089695 4.4652033709850135e-18 0.0007834851965077556
178 0.02743098945947901 4.4652033709850135e-18 0.0007524591827260485
179 0.026882369670289428 4.4652033709850135e-18 0.0007226617990900969
180 0.02634472227688364 4.4652033709850135e-18 0.000694044391846129
181 0.025817827831345966 2.245025491547411e-18 0.0006665602339290224
182 0.025301471274719045 2.245025491547411e-18 0.000640164448665433
183 0.024795441849224664 2.245025491547411e-18 0.0006148139364982819
184 0.024299533012240172 2.245025491547411e-18 0.0005904673046129499
185 0.023813542351995367 2.245025491547411e-18 0.0005670847993502771
186 0.02333727150495546 2.245025491547411e-18 0.0005446282412960061
187 0.02287052607485635 2.245025491547411e-18 0.0005230609629406841
188 0.02241311555335922 2.245025491547411e-18 0.000502347748808233
189 0.021964853242292037 2.245025491547411e-18 0.00048245477795542697
190 0.021525556177446194 2.245025491547411e-18 0.000463349568748392
191 0.021095045053897272 2.245025491547411e-18 0.00044500092582595575
192 0.020673144152819328 2.245025491547411e-18 0.0004273788891632479
193 0.02025968126976294 2.245025491547411e-18 0.00041045468515238327
194 0.01985448764436768 2.245025491547411e-18 0.0003942006796203489
195 0.01945739789148033 2.245025491547411e-18 0.0003785903327073831
196 0.01906824993365072 2.245025491547411e-18 0.00036359815553217077
197 0.018686884934977707 2.245025491547411e-18 0.0003491996685730968
198 0.01831314723627815 2.245025491547411e-18 0.0003353713616976021
199 0.017946884291552587 2.245025491547411e-18 0.000322090655774377
200 0.017587946605721536 2.245025491547411e-18 0.0003093358658057117
yes
