0 1.0 2.0 481.0
1 0.98 -2.800000000000006 941.7604000000041
2 0.9603999999999995 3.9199999999999857 1844.8903681599866
3 0.9411920000000007 -5.487999999999991 3615.0631223808514
4 0.9223681599999913 7.6831999999999585 7084.638231822505
5 0.9039207967999838 -10.756479999999934 13885.040511654717
6 0.8858423808639502 15.059071999999942 27213.862656865604
7 0.8681255332466837 -21.082700799999927 53338.38640461958
8 0.8507630225817131 29.515781120000177 104542.48401257166
9 0.8337477621237206 -41.32209356800028 204902.54515643924
10 0.8170728068809417 57.85093099520049 401608.29364934564
11 0.8007313507433442 -80.99130339328164 787151.5882118073
12 0.7847167237333662 113.38782475059341 1542816.4719808907
13 0.7690223892263777 -158.74295465083284 3023919.6695485995
14 0.7536419414471996 222.2401365111618 5926881.961156156
15 0.7385691026341135 -311.1361911156009 11616688.076115169
16 0.7237977205705055 435.59066756184495 22768708.083919987
17 0.7093217659936693 -609.8269345865912 44626667.320810795
18 0.6951353306519112 853.757708421234 87468267.44585435
19 0.6812326235519967 -1195.2607917897594 171437803.71086383
20 0.6676079745041451 1673.365108505463 336018094.80932045
21 0.6542559237228951 -2342.7111519081445 658595465.381025
22 0.6411708063303092 3279.7956126747677 1290847111.7215786
23 0.6283473899441943 -4591.713857744695 2530060338.5633802
24 0.6157804420071825 6428.399400846241 4958918263.195224
25 0.6034647681790575 -8999.759161182132 9719479795.477976
26 0.5913944556790575 12599.662825683414 19050180398.858772
27 0.5795666085262667 -17639.527955947342 37338353581.373634
28 0.5679748116512667 24695.339138286057 73183173018.91818
29 0.5566153545158428 -34573.47479367243 143439019117.35416
30 0.5454825420158428 48402.86471137492 281140477472.4172
31 0.5345743363674255 -67764.01059594042 551035335845.8928
32 0.5238807721248363 94869.61483352997 1080029258239.7539
33 0.5134022577615449 -132817.46076705673 2116857346153.3022
34 0.5034022577615449 185944.44507350848 4149040398443.6553
35 0.4934022577615449 -260322.22310378664 8132119181003.964
36 0.4834022577615449 364451.1123428415 15938953594552.373
37 0.4734022577615449 -510231.55727684736 31240349044939.035
38 0.4639232844300863 714324.1801931111 61231084129027.44
39 0.4552021450703876 -1000053.8523982523 120012924923590.45
40 0.44617661054065527 1400075.3933902804 235225332861234.0
41 0.44617661054065527 -1960105.5506641672 461041652369337.56
42 0.44617661054065527 2744147.7710948726 903641638752595.1
43 0.44617661054065527 -3841806.879787611 1771137612190010.5
44 0.44617661054065527 5378529.631204596 3471429719249501.0
45 0.44617661054065527 -7529941.48302309 6804002248530237.0
46 0.44617661054065527 10541918.07675322 1.3335844408437156e+16
47 0.44617661054065527 -14758685.273702247 2.6138254920983468e+16
48 0.44617661054065527 20662159.37978229 5.123097962826303e+16
49 0.44617661054065527 -28927023.15938876 1.0041272026365763e+17
50 0.44617661054065527 40497832.43255881 1.968089318082735e+17
51 0.44617661054065527 -56696965.42347837 3.857455065877322e+17
52 0.44617661054065527 79375751.65544596 7.560611941040439e+17
53 0.44617661054065527 -111126051.77719942 1.4818799260306568e+18
54 0.44617661054065527 155576472.20197874 2.904484644337568e+18
55 0.44617661054065527 -217807062.13637292 5.692789957977338e+18
56 0.44617661054065527 304929886.8789684 1.1157868309442458e+19
57 0.44617661054065527 -426901840.5403083 2.1869421774804337e+19
58 0.44617661054065527 597662565.3070788 4.286406503633259e+19
59 0.44617661054065527 -836727607.9981134 8.401357079834934e+19
60 0.44617661054065527 1171418654.314954 1.6466659964124692e+20
61 0.44617661054065527 -1639986093.2833436 3.227465263395317e+20
62 0.44617661054065527 2295980362.372407 6.325830989279675e+20
63 0.44617661054065527 -3214373897.717145 1.2398639465190373e+21
64 0.44617661054065527 4500124611.292157 2.4301345820588864e+21
65 0.44617661054065527 -6300174713.269191 4.763064170125984e+21
66 0.44617661054065527 8820243853.185112 9.33560419555797e+21
67 0.44617661054065527 -12348340344.680283 1.8297781112167052e+22
68 0.44617661054065527 17287676774.785583 3.5863652192335304e+22
69 0.44617661054065527 -24202817679.11133 7.0293166032996465e+22
70 0.44617661054065527 33883935965.35064 1.3777453398047791e+23
71 0.44617661054065527 -47437510381.03492 2.7003808693809548e+23
72 0.44617661054065527 66412471439.59521 5.2927396352580585e+23
73 0.44617661054065527 -92977476380.80362 1.0373773336971474e+24
74 0.44617661054065527 130168216069.61163 2.0332517369694123e+24
75 0.44617661054065527 -182235042112.22394 3.985153268837284e+24
76 0.44617661054065527 255129676749.75983 7.810938235012432e+24
77 0.44617661054065527 -357209283603.25836 1.5311816675082367e+25
78 0.44617661054065527 500091838610.4174 3.0011021645369735e+25
79 0.44617661054065527 -700111230963.6345 5.8818688286569874e+25
80 0.44617661054065527 980144186338.4548 1.152819151215686e+26
81 0.44617661054065527 -1372227157967.303 2.2596088476756256e+26
82 0.44617661054065527 1921075529904.616 4.4286374299179615e+26
83 0.44617661054065527 -2689477160634.3447 8.679944877088531e+26
84 0.44617661054065527 3765375231973.2656 1.701366076506927e+27
85 0.44617661054065527 -5271643552685.998 3.334827089589102e+27
86 0.44617661054065527 7382142513061.664 6.539523369978286e+27
87 0.44617661054065527 -10327356109472.422 1.2798514105422885e+28
88 0.44617661054065527 14470697219675.73 2.512812936282371e+28
89 0.44617661054065527 -20260751041583.48 4.925976393228313e+28
90 0.44617661054065527 28330838087307.3 9.631636640750665e+28
91 0.44617661054065527 -39657613740269.516 1.887271593086896e+29
92 0.44617661054065527 55513542046118.78 3.6981040206074374e+29
93 0.44617661054065527 -81098683530831.02 7.892395764520658e+29
94 0.44617661054065527 113309038267680.7 1.5406725783776078e+30
95 0.44617661054065527 -158757245373411.25 3.024463555026421e+30
96 0.44617661054065527 222803876311848.12 5.956988075950238e+30
97 0.44617661054065527 -311564960752385.3 1.1648726972236249e+31
98 0.44617661054065527 434893148241146.06 2.2695846046451455e+31
99 0.44617661054065527 -614351173319829.8 4.529128369913418e+31
100 0.44617661054065527 853312847823217.8 8.73771379512204e+31
101 0.44617661054065527 -1224221229961308.8 1.7984611438655755e+32
102 0.44617661054065527 1412971636480062.8 2.395786614596576e+32
103 0.44617661054065527 -1983936209852236.2 4.723203461715428e+32
104 0.44617661054065527 2939811663409283.0 1.0370991139580707e+33
105 0.44617661054065527 -4181472962120087.0 2.0981659359529602e+33
106 0.44617661054065527 5861739789737785.0 4.1231992035114206e+33
107 0.44617661054065527 5861739789737785.0 4.1231992035114206e+33
108 0.44617661054065527 5861739789737785.0 4.1231992035114206e+33
109 0.44617661054065527 5861739789737785.0 4.1231992035114206e+33
110 0.44617661054065527 5861739789737785.0 4.1231992035114206e+33
111 0.44617661054065527 5861739789737785.0 4.1231992035114206e+33
112 0.44617661054065527 5861739789737785.0 4.1231992035114206e+33
113 0.44617661054065527 5861739789737785.0 4.1231992035114206e+33
114 0.44617661054065527 5861739789737785.0 4.1231992035114206e+33
115 0.44617661054065527 5861739789737785.0 4.1231992035114206e+33
116 0.44617661054065527 5861739789737785.0 4.1231992035114206e+33
117 0.44617661054065527 5861739789737785.0 4.1231992035114206e+33
118 0.44617661054065527 5861739789737785.0 4.1231992035114206e+33
119 0.44617661054065527 5861739789737785.0 4.1231992035114206e+33
120 0.44617661054065527 5861739789737785.0 4.1231992035114206e+33
121 0.44617661054065527 5861739789737785.0 4.1231992035114206e+33
122 0.44617661054065527 5861739789737785.0 4.1231992035114206e+33
123 0.44617661054065527 5861739789737785.0 4.1231992035114206e+33
124 0.44617661054065527 5861739789737785.0 4.1231992035114206e+33
125 0.44617661054065527 5861739789737785.0 4.1231992035114206e+33
126 0.44617661054065527 5861739789737785.0 4.1231992035114206e+33
127 0.44617661054065527 5861739789737785.0 4.1231992035114206e+33
128 0.44617661054065527 5861739789737785.0 4.1231992035114206e+33
129 0.44617661054065527 5861739789737785.0 4.1231992035114206e+33
130 0.44617661054065527 5861739789737785.0 4.1231992035114206e+33
131 0.44617661054065527 5861739789737785.0 4.1231992035114206e+33
132 0.44617661054065527 5861739789737785.0 4.1231992035114206e+33
133 0.44617661054065527 5861739789737785.0 4.1231992035114206e+33
134 0.44617661054065527 5861739789737785.0 4.1231992035114206e+33
135 0.44617661054065527 5861739789737785.0 4.1231992035114206e+33
136 0.44617661054065527 5861739789737785.0 4.1231992035114206e+33
137 0.44617661054065527 5861739789737785.0 4.1231992035114206e+33
138 0.44617661054065527 5861739789737785.0 4.1231992035114206e+33
139 0.44617661054065527 5861739789737785.0 4.1231992035114206e+33
140 0.44617661054065527 5861739789737785.0 4.1231992035114206e+33
141 0.44617661054065527 5861739789737785.0 4.1231992035114206e+33
142 0.44617661054065527 5861739789737785.0 4.1231992035114206e+33
143 0.44617661054065527 5861739789737785.0 4.1231992035114206e+33
144 0.44617661054065527 5861739789737785.0 4.1231992035114206e+33
145 0.44617661054065527 5861739789737785.0 4.1231992035114206e+33
146 0.44617661054065527 5861739789737785.0 4.1231992035114206e+33
147 0.44617661054065527 5861739789737785.0 4.1231992035114206e+33
148 0.44617661054065527 5861739789737785.0 4.1231992035114206e+33
149 0.44617661054065527 5861739789737785.0 4.1231992035114206e+33
150 0.44617661054065527 5861739789737785.0 4.1231992035114206e+33
151 0.44617661054065527 5861739789737785.0 4.1231992035114206e+33
152 0.44617661054065527 5861739789737785.0 4.1231992035114206e+33
153 0.44617661054065527 5861739789737785.0 4.1231992035114206e+33
154 0.44617661054065527 5861739789737785.0 4.1231992035114206e+33
155 0.44617661054065527 5861739789737785.0 4.1231992035114206e+33
156 0.44617661054065527 5861739789737785.0 4.1231992035114206e+33
157 0.44617661054065527 5861739789737785.0 4.1231992035114206e+33
158 0.44617661054065527 5861739789737785.0 4.1231992035114206e+33
159 0.44617661054065527 5861739789737785.0 4.1231992035114206e+33
160 0.44617661054065527 5861739789737785.0 4.1231992035114206e+33
161 0.44617661054065527 5861739789737785.0 4.1231992035114206e+33
162 0.44617661054065527 5861739789737785.0 4.1231992035114206e+33
163 0.44617661054065527 5861739789737785.0 4.1231992035114206e+33
164 0.44617661054065527 5861739789737785.0 4.1231992035114206e+33
165 0.44617661054065527 5861739789737785.0 4.1231992035114206e+33
166 0.44617661054065527 5861739789737785.0 4.1231992035114206e+33
167 0.44617661054065527 5861739789737785.0 4.1231992035114206e+33
168 0.44617661054065527 5861739789737785.0 4.1231992035114206e+33
169 0.44617661054065527 5861739789737785.0 4.1231992035114206e+33
170 0.44617661054065527 5861739789737785.0 4.1231992035114206e+33
171 0.44617661054065527 5861739789737785.0 4.1231992035114206e+33
172 0.44617661054065527 5861739789737785.0 4.1231992035114206e+33
173 0.44617661054065527 5861739789737785.0 4.1231992035114206e+33
174 0.44617661054065527 5861739789737785.0 4.1231992035114206e+33
175 0.44617661054065527 5861739789737785.0 4.1231992035114206e+33
176 0.44617661054065527 5861739789737785.0 4.1231992035114206e+33
177 0.44617661054065527 5861739789737785.0 4.1231992035114206e+33
178 0.44617661054065527 5861739789737785.0 4.1231992035114206e+33
179 0.44617661054065527 5861739789737785.0 4.1231992035114206e+33
180 0.44617661054065527 5861739789737785.0 4.1231992035114206e+33
181 0.44617661054065527 5861739789737785.0 4.1231992035114206e+33
182 0.44617661054065527 5861739789737785.0 4.1231992035114206e+33
183 0.44617661054065527 5861739789737785.0 4.1231992035114206e+33
184 0.44617661054065527 5861739789737785.0 4.1231992035114206e+33
185 0.44617661054065527 5861739789737785.0 4.1231992035114206e+33
186 0.44617661054065527 5861739789737785.0 4.1231992035114206e+33
187 0.44617661054065527 5861739789737785.0 4.1231992035114206e+33
188 0.44617661054065527 5861739789737785.0 4.1231992035114206e+33
189 0.44617661054065527 5861739789737785.0 4.1231992035114206e+33
190 0.44617661054065527 5861739789737785.0 4.1231992035114206e+33
191 0.44617661054065527 5861739789737785.0 4.1231992035114206e+33
192 0.44617661054065527 5861739789737785.0 4.1231992035114206e+33
193 0.44617661054065527 5861739789737785.0 4.1231992035114206e+33
194 0.44617661054065527 5861739789737785.0 4.1231992035114206e+33
195 0.44617661054065527 5861739789737785.0 4.1231992035114206e+33
196 0.44617661054065527 5861739789737785.0 4.1231992035114206e+33
197 0.44617661054065527 5861739789737785.0 4.1231992035114206e+33
198 0.44617661054065527 5861739789737785.0 4.1231992035114206e+33
199 0.44617661054065527 5861739789737785.0 4.1231992035114206e+33
200 0.44617661054065527 5861739789737785.0 4.1231992035114206e+33
yes-but-diverge
