0 1.0 2.0 4801.0
1 0.98 -46.000000000000036 2539200.960400004
2 0.9603999999780821 1057.999999999997 1343236800.9223604
3 0.9411920015489739 -24334.000000000437 710572267200.9114
4 0.9223638765489739 559681.9999997405 375892729348452.3
5 0.9023638765489739 -12872685.999467412 1.988472538090612e+17
6 0.9023638765489739 296071778.0230778 1.0519019729009597e+20
7 0.9023638765489739 -6809650966.174038 5.564561553733801e+22
8 0.9023638765489739 156621980018.74878 2.943653354999201e+25
9 0.9023638765489739 -3602306941913.2695 1.557193836450784e+28
10 0.9023638765489739 82855655114790.92 8.238071501401414e+30
11 0.9023638765489739 -1902501250246640.5 4.3434132086280363e+33
12 0.9023638765489739 4.004897963976698e+16 1.924704924223764e+36
13 0.9023638765489739 4.004897963976698e+16 1.924704924223764e+36
14 0.9023638765489739 4.004897963976698e+16 1.924704924223764e+36
15 0.9023638765489739 4.004897963976698e+16 1.924704924223764e+36
16 0.9023638765489739 4.004897963976698e+16 1.924704924223764e+36
17 0.9023638765489739 4.004897963976698e+16 1.924704924223764e+36
18 0.9023638765489739 4.004897963976698e+16 1.924704924223764e+36
19 0.9023638765489739 4.004897963976698e+16 1.924704924223764e+36
20 0.9023638765489739 4.004897963976698e+16 1.924704924223764e+36
21 0.9023638765489739 4.004897963976698e+16 1.924704924223764e+36
22 0.9023638765489739 4.004897963976698e+16 1.924704924223764e+36
23 0.9023638765489739 4.004897963976698e+16 1.924704924223764e+36
24 0.9023638765489739 4.004897963976698e+16 1.924704924223764e+36
25 0.9023638765489739 4.004897963976698e+16 1.924704924223764e+36
26 0.9023638765489739 4.004897963976698e+16 1.924704924223764e+36
27 0.9023638765489739 4.004897963976698e+16 1.924704924223764e+36
28 0.9023638765489739 4.004897963976698e+16 1.924704924223764e+36
29 0.9023638765489739 4.004897963976698e+16 1.924704924223764e+36
30 0.9023638765489739 4.004897963976698e+16 1.924704924223764e+36
31 0.9023638765489739 4.004897963976698e+16 1.924704924223764e+36
32 0.9023638765489739 4.004897963976698e+16 1.924704924223764e+36
33 0.9023638765489739 4.004897963976698e+16 1.924704924223764e+36
34 0.9023638765489739 4.004897963976698e+16 1.924704924223764e+36
35 0.9023638765489739 4.004897963976698e+16 1.924704924223764e+36
36 0.9023638765489739 4.004897963976698e+16 1.924704924223764e+36
37 0.9023638765489739 4.004897963976698e+16 1.924704924223764e+36
38 0.9023638765489739 4.004897963976698e+16 1.924704924223764e+36
39 0.9023638765489739 4.004897963976698e+16 1.924704924223764e+36
40 0.9023638765489739 4.004897963976698e+16 1.924704924223764e+36
41 0.9023638765489739 4.004897963976698e+16 1.924704924223764e+36
42 0.9023638765489739 4.004897963976698e+16 1.924704924223764e+36
43 0.9023638765489739 4.004897963976698e+16 1.924704924223764e+36
44 0.9023638765489739 4.004897963976698e+16 1.924704924223764e+36
45 0.9023638765489739 4.004897963976698e+16 1.924704924223764e+36
46 0.9023638765489739 4.004897963976698e+16 1.924704924223764e+36
47 0.9023638765489739 4.004897963976698e+16 1.924704924223764e+36
48 0.9023638765489739 4.004897963976698e+16 1.924704924223764e+36
49 0.9023638765489739 4.004897963976698e+16 1.924704924223764e+36
50 0.9023638765489739 4.004897963976698e+16 1.924704924223764e+36
51 0.9023638765489739 4.004897963976698e+16 1.924704924223764e+36
52 0.9023638765489739 4.004897963976698e+16 1.924704924223764e+36
53 0.9023638765489739 4.004897963976698e+16 1.924704924223764e+36
54 0.9023638765489739 4.004897963976698e+16 1.924704924223764e+36
55 0.9023638765489739 4.004897963976698e+16 1.924704924223764e+36
56 0.9023638765489739 4.004897963976698e+16 1.924704924223764e+36
57 0.9023638765489739 4.004897963976698e+16 1.924704924223764e+36
58 0.9023638765489739 4.004897963976698e+16 1.924704924223764e+36
59 0.9023638765489739 4.004897963976698e+16 1.924704924223764e+36
60 0.9023638765489739 4.004897963976698e+16 1.924704924223764e+36
61 0.9023638765489739 4.004897963976698e+16 1.924704924223764e+36
62 0.9023638765489739 4.004897963976698e+16 1.924704924223764e+36
63 0.9023638765489739 4.004897963976698e+16 1.924704924223764e+36
64 0.9023638765489739 4.004897963976698e+16 1.924704924223764e+36
65 0.9023638765489739 4.004897963976698e+16 1.924704924223764e+36
66 0.9023638765489739 4.004897963976698e+16 1.924704924223764e+36
67 0.9023638765489739 4.004897963976698e+16 1.924704924223764e+36
68 0.9023638765489739 4.004897963976698e+16 1.924704924223764e+36
69 0.9023638765489739 4.004897963976698e+16 1.924704924223764e+36
70 0.9023638765489739 4.004897963976698e+16 1.924704924223764e+36
71 0.9023638765489739 4.004897963976698e+16 1.924704924223764e+36
72 0.9023638765489739 4.004897963976698e+16 1.924704924223764e+36
73 0.9023638765489739 4.004897963976698e+16 1.924704924223764e+36
74 0.9023638765489739 4.004897963976698e+16 1.924704924223764e+36
75 0.9023638765489739 4.004897963976698e+16 1.924704924223764e+36
76 0.9023638765489739 4.004897963976698e+16 1.924704924223764e+36
77 0.9023638765489739 4.004897963976698e+16 1.924704924223764e+36
78 0.9023638765489739 4.004897963976698e+16 1.924704924223764e+36
79 0.9023638765489739 4.004897963976698e+16 1.924704924223764e+36
80 0.9023638765489739 4.004897963976698e+16 1.924704924223764e+36
81 0.9023638765489739 4.004897963976698e+16 1.924704924223764e+36
82 0.9023638765489739 4.004897963976698e+16 1.924704924223764e+36
83 0.9023638765489739 4.004897963976698e+16 1.924704924223764e+36
84 0.9023638765489739 4.004897963976698e+16 1.924704924223764e+36
85 0.9023638765489739 4.004897963976698e+16 1.924704924223764e+36
86 0.9023638765489739 4.004897963976698e+16 1.924704924223764e+36
87 0.9023638765489739 4.004897963976698e+16 1.924704924223764e+36
88 0.9023638765489739 4.004897963976698e+16 1.924704924223764e+36
89 0.9023638765489739 4.004897963976698e+16 1.924704924223764e+36
90 0.9023638765489739 4.004897963976698e+16 1.924704924223764e+36
91 0.9023638765489739 4.004897963976698e+16 1.924704924223764e+36
92 0.9023638765489739 4.004897963976698e+16 1.924704924223764e+36
93 0.9023638765489739 4.004897963976698e+16 1.924704924223764e+36
94 0.9023638765489739 4.004897963976698e+16 1.924704924223764e+36
95 0.9023638765489739 4.004897963976698e+16 1.924704924223764e+36
96 0.9023638765489739 4.004897963976698e+16 1.924704924223764e+36
97 0.9023638765489739 4.004897963976698e+16 1.924704924223764e+36
98 0.9023638765489739 4.004897963976698e+16 1.924704924223764e+36
99 0.9023638765489739 4.004897963976698e+16 1.924704924223764e+36
100 0.9023638765489739 4.004897963976698e+16 1.924704924223764e+36
101 0.9023638765489739 4.004897963976698e+16 1.924704924223764e+36
102 0.9023638765489739 4.004897963976698e+16 1.924704924223764e+36
103 0.9023638765489739 4.004897963976698e+16 1.924704924223764e+36
104 0.9023638765489739 4.004897963976698e+16 1.924704924223764e+36
105 0.9023638765489739 4.004897963976698e+16 1.924704924223764e+36
106 0.9023638765489739 4.004897963976698e+16 1.924704924223764e+36
107 0.9023638765489739 4.004897963976698e+16 1.924704924223764e+36
108 0.9023638765489739 4.004897963976698e+16 1.924704924223764e+36
109 0.9023638765489739 4.004897963976698e+16 1.924704924223764e+36
110 0.9023638765489739 4.004897963976698e+16 1.924704924223764e+36
111 0.9023638765489739 4.004897963976698e+16 1.924704924223764e+36
112 0.9023638765489739 4.004897963976698e+16 1.924704924223764e+36
113 0.9023638765489739 4.004897963976698e+16 1.924704924223764e+36
114 0.9023638765489739 4.004897963976698e+16 1.924704924223764e+36
115 0.9023638765489739 4.004897963976698e+16 1.924704924223764e+36
116 0.9023638765489739 4.004897963976698e+16 1.924704924223764e+36
117 0.9023638765489739 4.004897963976698e+16 1.924704924223764e+36
118 0.9023638765489739 4.004897963976698e+16 1.924704924223764e+36
119 0.9023638765489739 4.004897963976698e+16 1.924704924223764e+36
120 0.9023638765489739 4.004897963976698e+16 1.924704924223764e+36
121 0.9023638765489739 4.004897963976698e+16 1.924704924223764e+36
122 0.9023638765489739 4.004897963976698e+16 1.924704924223764e+36
123 0.9023638765489739 4.004897963976698e+16 1.924704924223764e+36
124 0.9023638765489739 4.004897963976698e+16 1.924704924223764e+36
125 0.9023638765489739 4.004897963976698e+16 1.924704924223764e+36
126 0.9023638765489739 4.004897963976698e+16 1.924704924223764e+36
127 0.9023638765489739 4.004897963976698e+16 1.924704924223764e+36
128 0.9023638765489739 4.004897963976698e+16 1.924704924223764e+36
129 0.9023638765489739 4.004897963976698e+16 1.924704924223764e+36
130 0.9023638765489739 4.004897963976698e+16 1.924704924223764e+36
131 0.9023638765489739 4.004897963976698e+16 1.924704924223764e+36
132 0.9023638765489739 4.004897963976698e+16 1.924704924223764e+36
133 0.9023638765489739 4.004897963976698e+16 1.924704924223764e+36
134 0.9023638765489739 4.004897963976698e+16 1.924704924223764e+36
135 0.9023638765489739 4.004897963976698e+16 1.924704924223764e+36
136 0.9023638765489739 4.004897963976698e+16 1.924704924223764e+36
137 0.9023638765489739 4.004897963976698e+16 1.924704924223764e+36
138 0.9023638765489739 4.004897963976698e+16 1.924704924223764e+36
139 0.9023638765489739 4.004897963976698e+16 1.924704924223764e+36
140 0.9023638765489739 4.004897963976698e+16 1.924704924223764e+36
141 0.9023638765489739 4.004897963976698e+16 1.924704924223764e+36
142 0.9023638765489739 4.004897963976698e+16 1.924704924223764e+36
143 0.9023638765489739 4.004897963976698e+16 1.924704924223764e+36
144 0.9023638765489739 4.004897963976698e+16 1.924704924223764e+36
145 0.9023638765489739 4.004897963976698e+16 1.924704924223764e+36
146 0.9023638765489739 4.004897963976698e+16 1.924704924223764e+36
147 0.9023638765489739 4.004897963976698e+16 1.924704924223764e+36
148 0.9023638765489739 4.004897963976698e+16 1.924704924223764e+36
149 0.9023638765489739 4.004897963976698e+16 1.924704924223764e+36
150 0.9023638765489739 4.004897963976698e+16 1.924704924223764e+36
151 0.9023638765489739 4.004897963976698e+16 1.924704924223764e+36
152 0.9023638765489739 4.004897963976698e+16 1.924704924223764e+36
153 0.9023638765489739 4.004897963976698e+16 1.924704924223764e+36
154 0.9023638765489739 4.004897963976698e+16 1.924704924223764e+36
155 0.9023638765489739 4.004897963976698e+16 1.924704924223764e+36
156 0.9023638765489739 4.004897963976698e+16 1.924704924223764e+36
157 0.9023638765489739 4.004897963976698e+16 1.924704924223764e+36
158 0.9023638765489739 4.004897963976698e+16 1.924704924223764e+36
159 0.9023638765489739 4.004897963976698e+16 1.924704924223764e+36
160 0.9023638765489739 4.004897963976698e+16 1.924704924223764e+36
161 0.9023638765489739 4.004897963976698e+16 1.924704924223764e+36
162 0.9023638765489739 4.004897963976698e+16 1.924704924223764e+36
163 0.9023638765489739 4.004897963976698e+16 1.924704924223764e+36
164 0.9023638765489739 4.004897963976698e+16 1.924704924223764e+36
165 0.9023638765489739 4.004897963976698e+16 1.924704924223764e+36
166 0.9023638765489739 4.004897963976698e+16 1.924704924223764e+36
167 0.9023638765489739 4.004897963976698e+16 1.924704924223764e+36
168 0.9023638765489739 4.004897963976698e+16 1.924704924223764e+36
169 0.9023638765489739 4.004897963976698e+16 1.924704924223764e+36
170 0.9023638765489739 4.004897963976698e+16 1.924704924223764e+36
171 0.9023638765489739 4.004897963976698e+16 1.924704924223764e+36
172 0.9023638765489739 4.004897963976698e+16 1.924704924223764e+36
173 0.9023638765489739 4.004897963976698e+16 1.924704924223764e+36
174 0.9023638765489739 4.004897963976698e+16 1.924704924223764e+36
175 0.9023638765489739 4.004897963976698e+16 1.924704924223764e+36
176 0.9023638765489739 4.004897963976698e+16 1.924704924223764e+36
177 0.9023638765489739 4.004897963976698e+16 1.924704924223764e+36
178 0.9023638765489739 4.004897963976698e+16 1.924704924223764e+36
179 0.9023638765489739 4.004897963976698e+16 1.924704924223764e+36
180 0.9023638765489739 4.004897963976698e+16 1.924704924223764e+36
181 0.9023638765489739 4.004897963976698e+16 1.924704924223764e+36
182 0.9023638765489739 4.004897963976698e+16 1.924704924223764e+36
183 0.9023638765489739 4.004897963976698e+16 1.924704924223764e+36
184 0.9023638765489739 4.004897963976698e+16 1.924704924223764e+36
185 0.9023638765489739 4.004897963976698e+16 1.924704924223764e+36
186 0.9023638765489739 4.004897963976698e+16 1.924704924223764e+36
187 0.9023638765489739 4.004897963976698e+16 1.924704924223764e+36
188 0.9023638765489739 4.004897963976698e+16 1.924704924223764e+36
189 0.9023638765489739 4.004897963976698e+16 1.924704924223764e+36
190 0.9023638765489739 4.004897963976698e+16 1.924704924223764e+36
191 0.9023638765489739 4.004897963976698e+16 1.924704924223764e+36
192 0.9023638765489739 4.004897963976698e+16 1.924704924223764e+36
193 0.9023638765489739 4.004897963976698e+16 1.924704924223764e+36
194 0.9023638765489739 4.004897963976698e+16 1.924704924223764e+36
195 0.9023638765489739 4.004897963976698e+16 1.924704924223764e+36
196 0.9023638765489739 4.004897963976698e+16 1.924704924223764e+36
197 0.9023638765489739 4.004897963976698e+16 1.924704924223764e+36
198 0.9023638765489739 4.004897963976698e+16 1.924704924223764e+36
199 0.9023638765489739 4.004897963976698e+16 1.924704924223764e+36
200 0.9023638765489739 4.004897963976698e+16 1.924704924223764e+36
yes-but-diverge
