0 1.8 -0.7727644875559871
1 1.7809592137217205 -0.8077395199121994
2 1.7632730275535566 -0.8378682516781297
3 1.7468968523729194 -0.8636644352460899
4 1.7317748363379462 -0.8856355369755345
5 1.7178434069036976 -0.9042649748437855
6 1.7050342551072795 -0.9200008060344047
7 1.6932767611053057 -0.9332495570026288
8 1.682499899877706 -0.9443739027686768
9 1.6726336879099593 -0.953693052377418
10 1.663610240361357 -0.9614849050924091
11 1.65536450815909 -0.9679892564328472
12 1.6478347591933187 -0.9734115267996759
13 1.6409628599257076 -0.977926646231134
14 1.6346944050018835 -0.9816828546046625
15 1.6289787339408694 -0.9848052703958089
16 1.623768866239998 -0.9873991481546084
17 1.6190213795363622 -0.9895527908415884
18 1.614696249859247 -0.991340113281344
19 1.610756668432319 -0.992822871597559
20 1.6071688458238975 -0.9940525840281865
21 1.6039018113630763 -0.9950721735841797
22 1.6009272135041028 -0.9959173645113237
23 1.5982191251085116 -0.9966178637924759
24 1.595753856317334 -0.9971983569195174
25 1.5935097767150666 -0.997679344496789
26 1.5914671477698075 -0.9980778433178853
27 1.5896079660115796 -0.9984079726395306
28 1.5879158170368022 -0.998681443609446
29 1.586375740164975 -0.9989079672695129
30 1.5849741033957154 -0.9990955942857948
31 1.5836984881987053 -0.9992509975594511
32 1.5825375835993527 -0.9993797071367486
33 1.581481088986522 -0.9994863053424804
34 1.5805196250560731 -0.9995745887850314
35 1.5796446523080907 -0.9996477027977532
36 1.5788483965313094 -0.9997082529654789
37 1.5781237807314272 -0.9997583976138817
38 1.5774643629879062 -0.9997999244920367
39 1.5768642797543913 -0.9998343143364581
40 1.5763181941495545 -0.9998627935518454
41 1.5758212488169177 -0.9998863778657568
42 1.5753690229633366 -0.9999059084994522
43 1.5749574932158132 -0.9999220821349651
44 1.5745829979648576 -0.9999354757404363
45 1.5742422048895577 -0.9999465671345573
46 1.5739320813847522 -0.9999557520205027
47 1.5736498676342017 -0.9999633580948266
48 1.573393052095447 -0.9999696567331642
49 1.573159349182196 -0.9999748726686182
50 1.5729466789486355 -0.9999791920074296
51 1.572753148597136 -0.9999827688674399
52 1.5725770356464832 -0.9999857308758713
53 1.5724167726121159 -0.9999881837223613
54 1.5722709330629958 -0.9999902149295513
55 1.572138218931741 -0.999991896975662
56 1.5720174489656267 -0.9999932898804029
57 1.5719075482160774 -0.9999944433464351
58 1.5718075384734114 -0.9999953985327645
59 1.571716529561936 -0.9999961895233238
60 1.5716337114180952 -0.9999968445431272
61 1.571558346881277 -0.9999973869653838
62 1.5714897651332385 -0.9999978361454995
63 1.5714273557278027 -0.9999982081117214
64 1.571370563157763 -0.999998516137065
65 1.5713188819106676 -0.9999987712129311
66 1.5712718519695117 -0.9999989824413099
67 1.5712290547183128 -0.9999991573595677
68 1.5711901092161444 -0.9999993022094024
69 1.5711546688064755 -0.9999994221595679
70 1.5711224180316452 -0.9999995214903121
71 1.5710930698250192 -0.9999996037461095
72 1.571066362955836 -0.999999671862141
73 1.5710420597040098 -0.9999997282690305
74 1.571019943744193 -0.9999997749795784
75 1.5709998182202658 -0.9999998136605849
76 1.5709815039931199 -0.9999998456923276
77 1.570964838046137 -0.9999998722178146
78 1.5709496720341714 -0.999999894183571
79 1.5709358709631234 -0.9999999123734143
80 1.57092331198835 -0.9999999274364237
81 1.5709118833212155 -0.9999999399101022
82 1.570901483234055 -0.9999999502395552
83 1.5708920191546878 -0.9999999587933756
84 1.5708834068424251 -0.9999999658767942
85 1.5708755696382368 -0.9999999717425732
86 1.5708684377824034 -0.9999999766000247
87 1.5708619477935784 -0.9999999806224804
88 1.5708560419037352 -0.999999983953476
89 1.5708506675439682 -0.9999999867118735
90 1.5708457768765738 -0.9999999889961024
91 1.5708413263692391 -0.9999999908876724
92 1.5708372764075607 -0.9999999924540816
93 1.57083359094243 -0.999999993751225
94 1.570830237169159 -0.9999999948253894
95 1.5708271852354805 -0.9999999957149049
96 1.5708244079758318 -0.9999999964515127
97 1.5708218806695509 -0.9999999970614977
98 1.5708195808208345 -0.9999999975666263
99 1.5708174879585017 -0.9999999979849232
100 1.5708155834537785 -0.9999999983313149
101 1.57081385035448 -0.9999999986181619
102 1.5708122732341183 -0.9999999988556998
103 1.5708108380545889 -0.999999999052405
104 1.5708095320412168 -0.9999999992152966
105 1.5708083435690485 -0.9999999993501871
106 1.5708072620593752 -0.99999999946189
107 1.570806277885572 -0.9999999995543911
108 1.5708053822874113 -0.9999999996309913
109 1.570804567293085 -0.9999999996944239
110 1.5708038256482482 -0.9999999997469524
111 1.5708031507514466 -0.9999999997904513
112 1.5708025365953573 -0.9999999998264727
113 1.5708019777133158 -0.9999999998563021
114 1.570801469130658 -0.9999999998810037
115 1.5708010063204394 -0.9999999999014592
116 1.5708005851631406 -0.9999999999183984
117 1.5708002019099987 -0.9999999999324257
118 1.5707998531496394 -0.9999999999440417
119 1.5707995357777125 -0.999999999953661
120 1.570799246969259 -0.9999999999616266
121 1.5707989841535666 -0.999999999968223
122 1.5707987449912864 -0.9999999999736855
123 1.5707985273536111 -0.999999999978209
124 1.570798329303327 -0.9999999999819548
125 1.5707981490775682 -0.9999999999850567
126 1.5707979850721276 -0.9999999999876256
127 1.5707978358271768 -0.9999999999897528
128 1.5707977000142717 -0.9999999999915142
129 1.5707975764245279 -0.999999999992973
130 1.5707974639578612 -0.9999999999941809
131 1.5707973616131945 -0.9999999999951812
132 1.5707972684795475 -0.9999999999960095
133 1.570797183727929 -0.9999999999966955
134 1.570797106603956 -0.9999999999972635
135 1.5707970364211408 -0.9999999999977339
136 1.5707969725547788 -0.9999999999981235
137 1.5707969144363894 -0.999999999998446
138 1.570796861548655 -0.9999999999987131
139 1.5707968134208163 -0.9999999999989344
140 1.5707967696244838 -0.9999999999991176
141 1.570796729769821 -0.9999999999992693
142 1.5707966935020778 -0.9999999999993948
143 1.5707966604984316 -0.9999999999994988
144 1.5707966304651135 -0.999999999999585
145 1.570796603134794 -0.9999999999996564
146 1.5707965782642033 -0.9999999999997154
147 1.5707965556319656 -0.9999999999997643
148 1.5707965350366293 -0.9999999999998048
149 1.5707965162948734 -0.9999999999998384
150 1.5707964992398755 -0.9999999999998662
151 1.5707964837198274 -0.9999999999998892
152 1.5707964695965837 -0.9999999999999082
153 1.570796456744432 -0.9999999999999241
154 1.5707964450489738 -0.999999999999937
155 1.5707964344061067 -0.9999999999999479
156 1.570796424721098 -0.9999999999999568
157 1.5707964159077399 -0.9999999999999643
158 1.570796407887584 -0.9999999999999704
159 1.570796400589242 -0.9999999999999755
160 1.5707963939477512 -0.9999999999999797
161 1.5707963879039941 -0.9999999999999832
162 1.5707963824041753 -0.9999999999999861
163 1.5707963773993403 -0.9999999999999885
164 1.5707963728449403 -0.9999999999999905
165 1.5707963687004365 -0.9999999999999921
166 1.5707963649289378 -0.9999999999999934
167 1.570796361496874 -0.9999999999999946
168 1.5707963583736961 -0.9999999999999956
169 1.5707963555316042 -0.9999999999999963
170 1.5707963529453006 -0.9999999999999969
171 1.5707963505917641 -0.9999999999999974
172 1.570796348450046 -0.9999999999999979
173 1.5707963465010826 -0.9999999999999982
174 1.570796344727526 -0.9999999999999986
175 1.5707963431135894 -0.9999999999999988
176 1.5707963416449071 -0.999999999999999
177 1.5707963403084062 -0.9999999999999992
178 1.5707963390921902 -0.9999999999999993
179 1.5707963379854337 -0.9999999999999994
180 1.5707963369782854 -0.9999999999999996
181 1.5707963360617805 -0.9999999999999997
182 1.570796335227761 -0.9999999999999997
183 1.5707963344688032 -0.9999999999999998
184 1.5707963337781516 -0.9999999999999998
185 1.5707963331496588 -0.9999999999999998
186 1.5707963325777303 -0.9999999999999999
187 1.5707963320572753 -0.9999999999999999
188 1.5707963315836613 -0.9999999999999999
189 1.5707963311526725 -0.9999999999999999
190 1.5707963307604726 -0.9999999999999999
191 1.5707963304035708 -0.9999999999999999
192 1.5707963300787902 -1.0
193 1.5707963297832397 -1.0
194 1.5707963295142888 -1.0
195 1.570796329269544 -1.0
196 1.5707963290468256 -1.0
197 1.570796328844152 -1.0
198 1.570796328659719 -1.0
199 1.5707963284918844 -1.0
200 1.5707963283391555 -1.0
yes
