0 -1.8 1.0967644875559872
1 -1.815440786278279 1.0721281188426983
2 -1.831903770355604 1.0441602344164869
3 -1.849409085515733 1.0125874322757134
4 -1.867966033848404 0.9771683252364907
5 -1.8875707234198513 0.9377124950255366
6 -1.908203685664703 0.8941018152235829
7 -1.9298276259407547 0.8463128967085546
8 -1.952385501368607 0.7944387574147886
9 -1.975799151985971 0.7387072121136005
10 -1.9999687241325188 0.6794930771956189
11 -2.02477310865038 0.6173212747791805
12 -2.05007156293028 0.5528584596134828
13 -2.075706592574245 0.48689194771466693
14 -2.1015080415846596 0.42029640669436763
15 -2.127298195583623 0.3539906996518873
16 -2.15289756499609 0.28888903913513037
17 -2.1781309120203143 0.22585175552128248
18 -2.2028330399807654 0.16564118518094706
19 -2.2268538881982787 0.10888735398426963
20 -2.2500625659413878 0.056066473865211464
21 -2.272350096509476 0.007493204956449007
22 -2.2936307989245357 -0.03667434597009245
23 -2.3138423808908177 -0.07641941624876425
24 -2.3329449299367018 -0.11184449371673011
25 -2.3509190581725528 -0.14314577202289736
26 -2.367763479317375 -0.17058715872992902
27 -2.383492282486504 -0.1944761029010611
28 -2.398132127932674 -0.21514268334773956
29 -2.411719538180135 -0.23292264678669872
30 -2.424298404279261 -0.24814449630192748
31 -2.435917778387605 -0.26112033123678013
32 -2.4466299843608974 -0.2721399139993088
33 -2.4564890486657935 -0.28146734997318723
34 -2.465549434094273 -0.28933977130708954
35 -2.4738650469215817 -0.2959674758041231
36 -2.4814884824431678 -0.3015350591378939
37 -2.4884704724596958 -0.30620317214163784
38 -2.4948594997350764 -0.31011062285970525
39 -2.500701547549886 -0.31337661927372307
40 -2.50603995635945 -0.3161030109733576
41 -2.5109153636671473 -0.3183764367924583
42 -2.5153657071807642 -0.320270322088574
43 -2.5194262749315914 -0.3218466959189229
44 -2.5231297892095177 -0.3231578169192577
45 -2.5265065138785907 -0.3242476090955986
46 -2.52958437690509 -0.32515291657668544
47 -2.5323891017940356 -0.32590459092306656
48 -2.534944343141066 -0.3265284268380194
49 -2.5372718227165776 -0.3270459628224811
50 -2.539391463457873 -0.3274751630090338
51 -2.5413215194971808 -0.3278309954911679
52 -2.5430787009379627 -0.32812592120783557
53 -2.544678292541663 -0.32837030603582684
54 -2.546134265829445 -0.32857276730616203
55 -2.5474593843611175 -0.3287404645721679
56 -2.548665302144372 -0.32887934316114775
57 -2.549762655266635 -0.32899433786184007
58 -2.5507611469406894 -0.3290895430449787
59 -2.5516696262231875 -0.32916835458388816
60 -2.5524961607094867 -0.32923358813016035
61 -2.553248103534732 -0.3292875775969636
62 -2.553932155024166 -0.32933225709881986
63 -2.554554419338759 -0.3293692290807434
64 -2.5551204564582477 -0.3293998209307658
65 -2.555635329834457 -0.32942513199793366
66 -2.556103650035053 -0.3294460726237358
67 -2.556529614682844 -0.3294633965302768
68 -2.5569170449792855 -0.3294777276861096
69 -2.5572694190837097 -0.3294895825841131
70 -2.557589902602388 -0.32949938870958706
71 -2.5578813764243917 -0.3295074998461567
72 -2.5581464621243826 -0.3295142087580243
73 -2.558387545136371 -0.32951975769614394
74 -2.558606795887036 -0.3295243471001085
75 -2.558806189062581 -0.3295281428044171
76 -2.558987521169389 -0.32953128200530746
77 -2.559152426535841 -0.32953387820066526
78 -2.559302391890622 -0.32953602527926895
79 -2.5594387696416923 -0.3295378009054879
80 -2.5595627899697075 -0.32953926932055333
81 -2.559675571840084 -0.3295404836607658
82 -2.5597781330290683 -0.32954148787579296
83 -2.5598713992509814 -0.3295423183159254
84 -2.5599562124663215 -0.32954300504534384
85 -2.5600333384435077 -0.32954357292862135
86 -2.5601034736406993 -0.3295440425295757
87 -2.560167251468347 -0.32954443085484264
88 -2.5602252479877574 -0.3295447519689676
89 -2.5602779870961805 -0.3295450175032014
90 -2.5603259452443647 -0.32954523707634586
91 -2.5603695557285446 -0.32954541864285203
92 -2.560409212595032 -0.3295455687807265
93 -2.560445274192265 -0.3295456929296573
94 -2.560478066401966 -0.32954579558795605
95 -2.560507885578354 -0.32954588047543787
96 -2.5605350012216586 -0.3295459506681271
97 -2.560559658409896 -0.3295460087096611
98 -2.5605820800107186 -0.32954605670341974
99 -2.5606024686931663 -0.3295460963887157
100 -2.5606210087573844 -0.32954612920380266
101 -2.560637867798755 -0.32954615633797957
102 -2.5606531982213876 -0.32954617877467984
103 -2.560667138614593 -0.3295461973271022
104 -2.5606798150047254 -0.3295462126676768
105 -2.5606913419936523 -0.32954622535243105
106 -2.5607018237941217 -0.3295462358411383
107 -2.56071135517134 -0.3295462445139794
108 -2.5607200222992605 -0.3295462516853208
109 -2.5607279035392936 -0.3295462576151067
110 -2.5607350701484557 -0.3295462625182801
111 -2.5607415869233603 -0.32954626657257347
112 -2.56074751278585 -0.32954626992495006
113 -2.5607529013155554 -0.3295462726969307
114 -2.560757801234192 -0.3295462749889976
115 -2.560762256845962 -0.32954627688423754
116 -2.5607663084380405 -0.32954627845135265
117 -2.560769992644762 -0.329546279747151
118 -2.5607733427787926 -0.3295462808186054
119 -2.5607763891322883 -0.329546281704557
120 -2.5607791592507443 -0.3295462824371217
121 -2.5607816781820323 -0.3295462830428558
122 -2.5607839687028457 -0.3295462835437173
123 -2.560786051524631 -0.32954628395786323
124 -2.560787945480833 -0.32954628430030697
125 -2.560789667697185 -0.32954628458346225
126 -2.5607912337465417 -0.3295462848175936
127 -2.5607926577896825 -0.3295462850111893
128 -2.5607939527033476 -0.32954628517126705
129 -2.560795130196668 -0.3295462853036297
130 -2.5607962009170318 -0.3295462854130762
131 -2.5607971745463627 -0.3295462855035738
132 -2.5607980598886577 -0.32954628557840293
133 -2.5607988649495974 -0.32954628564027666
134 -2.560799597008926 -0.32954628569143807
135 -2.560800262686286 -0.3295462857337417
136 -2.5608008680010665 -0.3295462857687208
137 -2.5608014184268337 -0.329546285797644
138 -2.5608019189408258 -0.32954628582155987
139 -2.5608023740689534 -0.3295462858413347
140 -2.56080278792673 -0.32954628585768597
141 -2.5608031642564804 -0.32954628587120627
142 -2.560803506461186 -0.32954628588238566
143 -2.560803817635251 -0.3295462858916297
144 -2.5608041005924873 -0.32954628589927315
145 -2.560804357891553 -0.3295462859055932
146 -2.5608045918590907 -0.32954628591081925
147 -2.560804804610771 -0.32954628591514024
148 -2.5608049980704157 -0.32954628591871316
149 -2.5608051739873967 -0.32954628592166757
150 -2.5608053339524615 -0.3295462859241104
151 -2.5608054794121062 -0.32954628592613033
152 -2.5608056116816615 -0.32954628592780044
153 -2.5608057319571857 -0.32954628592918167
154 -2.560805841326282 -0.32954628593032353
155 -2.5608059407779313 -0.3295462859312678
156 -2.5608060312114342 -0.3295462859320485
157 -2.560806113444543 -0.3295462859326941
158 -2.5608061882208584 -0.32954628593322777
159 -2.5608062562165532 -0.3295462859336692
160 -2.560806318046485 -0.32954628593403434
161 -2.5608063742697587 -0.329546285934336
162 -2.560806425394776 -0.32954628593458546
163 -2.5608064718838426 -0.32954628593479174
164 -2.5608065141573397 -0.3295462859349624
165 -2.5608065525975294 -0.3295462859351034
166 -2.5608065875520105 -0.3295462859352202
167 -2.5608066193368644 -0.32954628593531654
168 -2.5608066482395073 -0.32954628593539625
169 -2.560806674521296 -0.3295462859354623
170 -2.5608066984198836 -0.32954628593551694
171 -2.560806720151377 -0.3295462859355619
172 -2.560806739912287 -0.3295462859355991
173 -2.5608067578813007 -0.32954628593563007
174 -2.560806774220908 -0.3295462859356554
175 -2.5608067890788604 -0.3295462859356766
176 -2.5608068025895125 -0.3295462859356939
177 -2.560806814875036 -0.32954628593570834
178 -2.5608068260465227 -0.3295462859357202
179 -2.5608068362049927 -0.3295462859357301
180 -2.5608068454423054 -0.3295462859357382
181 -2.5608068538419904 -0.3295462859357451
182 -2.560806861480002 -0.32954628593575075
183 -2.560806868425409 -0.3295462859357552
184 -2.5608068747410138 -0.3295462859357591
185 -2.5608068804839283 -0.3295462859357621
186 -2.560806885706083 -0.32954628593576474
187 -2.5608068904546992 -0.32954628593576696
188 -2.5608068947727167 -0.32954628593576873
189 -2.560806898699181 -0.3295462859357702
190 -2.5608069022696003 -0.3295462859357714
191 -2.5608069055162574 -0.3295462859357724
192 -2.560806908468512 -0.3295462859357732
193 -2.5608069111530596 -0.32954628593577373
194 -2.5608069135941753 -0.3295462859357744
195 -2.5608069158139344 -0.32954628593577506
196 -2.560806917832408 -0.3295462859357753
197 -2.560806919667849 -0.3295462859357756
198 -2.5608069213368525 -0.32954628593577595
199 -2.5608069228545145 -0.3295462859357762
200 -2.560806924234557 -0.3295462859357763
yes
