0 1.8 -0.4487644875559871
1 1.7773592137217205 -0.49815873878738465
2 1.7563810430913525 -0.5404873592982111
3 1.737015280785975 -0.5765034962122431
4 1.7191938584643591 -0.6069649923192253
5 1.7028365194286783 -0.632599556209781
6 1.6878555792935008 -0.6540825653146514
7 1.6741597504558743 -0.6720249410579275
8 1.6616570928563283 -0.686968474265196
9 1.6502572000173756 -0.6993862771459521
10 1.6398727468192444 -0.7096864854076093
11 1.630420524310545 -0.718217798155455
12 1.6218220752467831 -0.7252758549369177
13 1.6140040277563352 -0.7311097818603169
14 1.60689820720272 -0.7359284901141456
15 1.6004415900135243 -0.739906490391287
16 1.594576148974447 -0.7431891098016414
17 1.5892486275651367 -0.7458970778909424
18 1.584410271285495 -0.7481304974710828
19 1.5800165363425582 -0.7499722436907339
20 1.5760267902237055 -0.7514908483111417
21 1.5724040142520765 -0.7527429306536222
22 1.5691145149133945 -0.75377523572539
23 1.5661276483107096 -0.7546263360085457
24 1.5634155603400477 -0.7553280478735845
25 1.5609529439218446 -0.7559066075313403
26 1.5587168137423597 -0.7563836454498003
27 1.5566862983572318 -0.7567769925595886
28 1.554842449111003 -0.7571013465129953
29 1.5531680650753064 -0.7573688218025387
30 1.5516475330623614 -0.7575894036817313
31 1.5502666816983626 -0.75777132252504
32 1.5490126485203672 -0.7579213624617784
33 1.5478737590738014 -0.7580451157598842
34 1.5468394170236701 -0.7581471924607087
35 1.5459000043424282 -0.7582313931194283
36 1.5450467906951462 -0.7583008511372465
37 1.5442718512038849 -0.7583581500370372
38 1.5435679918351999 -0.758405420095253
39 1.5429286817154624 -0.7584444179671617
40 1.5423479917370575 -0.7584765923021334
41 1.5418205388736488 -0.7585031378176027
42 1.5413414356743216 -0.758525039865017
43 1.5409062444542252 -0.7585431111624409
44 1.5405109357434492 -0.7585580220730814
45 1.540151850596309 -0.758570325565721
46 1.5398256664002012 -0.7585804777927302
47 1.5395293658568912 -0.758588855056393
48 1.5392602088397553 -0.7585957677984595
49 1.5390157068583599 -0.7586014721360149
50 1.538793599887006 -0.7586061793746547
51 1.5385918353367953 -0.7586100638541164
52 1.538408548971487 -0.7586132694190477
53 1.538242047586228 -0.7586159147561347
54 1.5380907932852221 -0.7586180977964214
55 1.537953389209813 -0.758619899346731
56 1.5378285665823679 -0.7586213860853099
57 1.5377151729439744 -0.758622613033108
58 1.537612161475364 -0.7586236255925577
59 1.537518581300819 -0.7586244612296029
60 1.5374335686841556 -0.7586251508614452
61 1.5373563390343672 -0.7586257200015307
62 1.5372861796461692 -0.7586261897042679
63 1.5372224431076416 -0.7586265773445234
64 1.5371645413134625 -0.7586268972608083
65 1.5371119400279232 -0.7586271612860014
66 1.537064153947097 -0.7586273791852816
67 1.5370207422142133 -0.7586275590174993
68 1.536981304346545 -0.7586277074333784
69 1.5369454765359563 -0.7586278299215902
70 1.5369129282887664 -0.7586279310118198
71 1.5368833593737543 -0.7586280144423391
72 1.5368564970499907 -0.7586280832982941
73 1.5368320935488071 -0.7586281401258251
74 1.536809923786563 -0.7586281870262449
75 1.5367897832870392 -0.7586282257337578
76 1.5367714862942168 -0.7586282576796006
77 1.5367548640579776 -0.758628284044974
78 1.5367397632768616 -0.7586283058047265
79 1.5367260446834892 -0.7586283237634054
80 1.5367135817595599 -0.7586283385850088
81 1.536702259568552 -0.7586283508175401
82 1.5366919736953335 -0.7586283609132712
83 1.53668262928289 -0.7586283692454678
84 1.536674140157262 -0.7586283761221901
85 1.5366664280326239 -0.7586283817976844
86 1.5366594217891456 -0.758628386481784
87 1.5366530568169818 -0.7586283903476672
88 1.5366472744203252 -0.758628393538261
89 1.536642021276016 -0.7586283961715251
90 1.5366372489417452 -0.7586283983448143
91 1.5366329134092467 -0.7586284001384769
92 1.5366289746984223 -0.7586284016188257
93 1.5366253964886147 -0.7586284028405901
94 1.536622145783635 -0.7586284038489396
95 1.5366191926074575 -0.7586284046811529
96 1.5366165097277704 -0.7586284053679971
97 1.5366140724048338 -0.7586284059348654
98 1.5366118581633277 -0.7586284064027148
99 1.5366098465850828 -0.7586284067888414
100 1.5366080191207867 -0.7586284071075207
101 1.5366063589189252 -0.758628407370534
102 1.536604850670378 -0.7586284075876051
103 1.536603480467247 -0.7586284077667589
104 1.5366022356745987 -0.7586284079146187
105 1.5366011048139523 -0.7586284080366508
106 1.5366000774574298 -0.7586284081373669
107 1.5365991441315943 -0.75862840822049
108 1.5365982962300864 -0.7586284082890936
109 1.53659752593427 -0.7586284083457138
110 1.5365968261411298 -0.7586284083924437
111 1.536596190397771 -0.7586284084310111
112 1.5365956128419143 -0.7586284084628417
113 1.5365950881478383 -0.7586284084891121
114 1.5365946114772722 -0.7586284085107938
115 1.536594178434775 -0.7586284085286882
116 1.5365937850272107 -0.7586284085434569
117 1.5365934276269213 -0.758628408555646
118 1.536593102938278 -0.7586284085657057
119 1.5365928079672908 -0.7586284085740084
120 1.5365925399940015 -0.7586284085808606
121 1.5365922965473982 -0.758628408586516
122 1.5365920753826359 -0.7586284085911835
123 1.5365918744603313 -0.7586284085950358
124 1.536591691927761 -0.7586284085982151
125 1.5365915261017722 -0.7586284086008391
126 1.5365913754532694 -0.7586284086030048
127 1.5365912385931082 -0.7586284086047922
128 1.5365911142592887 -0.7586284086062672
129 1.5365910013053168 -0.7586284086074848
130 1.5365908986896348 -0.7586284086084896
131 1.5365908054660131 -0.7586284086093188
132 1.536590720774829 -0.7586284086100034
133 1.536590643835137 -0.7586284086105682
134 1.5365905739374703 -0.7586284086110344
135 1.5365905104372957 -0.7586284086114192
136 1.5365904527490744 -0.7586284086117367
137 1.5365904003408557 -0.7586284086119988
138 1.5365903527293807 -0.7586284086122151
139 1.5365903094756195 -0.7586284086123936
140 1.536590270180725 -0.758628408612541
141 1.5365902344823568 -0.7586284086126627
142 1.5365902020513367 -0.7586284086127629
143 1.5365901725886169 -0.7586284086128459
144 1.536590145822517 -0.7586284086129141
145 1.5365901215062259 -0.7586284086129705
146 1.5365900994155217 -0.7586284086130172
147 1.536590079346702 -0.7586284086130556
148 1.536590061114712 -0.7586284086130873
149 1.5365900445514336 -0.7586284086131135
150 1.5365900295041333 -0.7586284086131352
151 1.5365900158340609 -0.758628408613153
152 1.536590003415163 -0.7586284086131677
153 1.5365899921329238 -0.7586284086131798
154 1.536589981883309 -0.7586284086131898
155 1.536589972571806 -0.7586284086131981
156 1.536589964112554 -0.7586284086132049
157 1.536589956427547 -0.7586284086132105
158 1.5365899494459214 -0.7586284086132151
159 1.5365899431032999 -0.7586284086132191
160 1.5365899373411964 -0.7586284086132223
161 1.5365899321064784 -0.7586284086132248
162 1.536589927350876 -0.758628408613227
163 1.5365899230305373 -0.7586284086132288
164 1.5365899191056243 -0.7586284086132302
165 1.536589915539945 -0.7586284086132313
166 1.53658991230062 -0.7586284086132324
167 1.5365899093577782 -0.7586284086132333
168 1.5365899066842859 -0.758628408613234
169 1.5365899042554885 -0.7586284086132346
170 1.5365899020489913 -0.758628408613235
171 1.5365899000444463 -0.7586284086132354
172 1.536589898223371 -0.7586284086132357
173 1.5365898965689715 -0.758628408613236
174 1.5365898950659942 -0.7586284086132362
175 1.5365898937005786 -0.7586284086132364
176 1.536589892460135 -0.7586284086132364
177 1.5365898913332248 -0.7586284086132365
178 1.5365898903094566 -0.7586284086132367
179 1.5365898893793906 -0.7586284086132368
180 1.536589888534452 -0.7586284086132369
181 1.536589887766846 -0.7586284086132369
182 1.5365898870694967 -0.758628408613237
183 1.5365898864359728 -0.758628408613237
184 1.5365898858604325 -0.758628408613237
185 1.5365898853375703 -0.7586284086132371
186 1.536589884862564 -0.7586284086132371
187 1.5365898844310333 -0.7586284086132371
188 1.5365898840390007 -0.7586284086132371
189 1.5365898836828478 -0.758628408613237
190 1.5365898833592926 -0.7586284086132371
191 1.5365898830653515 -0.7586284086132371
192 1.5365898827983133 -0.7586284086132371
193 1.5365898825557183 -0.7586284086132372
194 1.5365898823353248 -0.7586284086132371
195 1.5365898821351036 -0.7586284086132371
196 1.5365898819532076 -0.7586284086132371
197 1.5365898817879606 -0.7586284086132371
198 1.5365898816378383 -0.7586284086132372
199 1.536589881501457 -0.7586284086132371
200 1.5365898813775567 -0.7586284086132371
yes
