0 1.8 3.4400000000000004
1 1.764 3.3116960000000004
2 1.72872 3.1884728384000005
3 1.6941456000000001 3.070129313999361
4 1.6602626880000002 2.956472193164986
5 1.6270574342400002 2.8473158943156527
6 1.5945162855552002 2.742482184900753
7 1.5626259598440961 2.641799890378683
8 1.5313734406472141 2.545104614719687
9 1.50074597183427 2.4522384719767873
10 1.4707310523975845 2.3630498284865067
11 1.4413164313496327 2.2773930552784405
12 1.41249010272264 2.1951282902894143
13 1.3842403006681872 2.116121209993953
14 1.3565554946548235 2.040242810078193
15 1.329424384761727 1.9673691947990966
16 1.3028358970664926 1.8973813746850525
17 1.2767791791251628 1.8301650722475244
18 1.2512435955426595 1.7656105353865226
19 1.2262187236318063 1.703612358185216
20 1.20169434915917 1.6440693088010814
21 1.1776604621759867 1.5868841641725586
22 1.154107252932467 1.5319635512713252
23 1.1310251078738176 1.4792177946409808
24 1.1084046057163413 1.428560769973198
25 1.0862365136020145 1.3799097634822592
26 1.0645117833299742 1.333185336848362
27 1.0432215476633746 1.2883111975091666
28 1.022357116710107 1.2452140740878035
29 1.001909974375905 1.2038235967539266
30 0.981871774888387 1.1640721823224713
31 0.9622343393906192 1.1258949239025013
32 0.9429896526028068 1.0892294849159623
33 0.9241298595507507 1.05401599731329
34 0.9056472623597357 1.020196963819684
35 0.8875343171125409 0.9877171640524245
36 0.8697836307702901 0.9565235643559484
37 0.8523879581548843 0.9265652312074528
38 0.8353401989917867 0.8977932480516377
39 0.818633395011951 0.870160635428793
40 0.8022607271117119 0.8436222742658128
41 0.7862155125694776 0.8181348322048865
42 0.7704912023180882 0.7936566928495732
43 0.7550813782717264 0.7701478878127299
44 0.7399797507062919 0.747570031455346
45 0.725180155692166 0.7258862582097141
46 0.7106765525783226 0.7050611623846095
47 0.6964630215267562 0.6850607403541789
48 0.6825337610962211 0.6658523350361534
49 0.6688830858742967 0.6474045825687218
50 0.6555054241568108 0.6296873610990004
51 0.6423953156736746 0.61267174159948
52 0.629547409360201 0.5963299406321405
53 0.616956461172997 0.5806352749831077
54 0.604617331949537 0.5655621180937767
55 0.5925249853105463 0.5510858582172631
56 0.5806744856043354 0.5371828582318596
57 0.5690609958922488 0.5238304170458781
58 0.5576797759744038 0.5110067325308612
59 0.5465261804549157 0.4986908659226391
60 0.5355956568458174 0.48686270763210265
61 0.5248837437089011 0.4755029444098714
62 0.514386068834723 0.46459302781124046
63 0.5040983474580286 0.45411514390991536
64 0.49401638050886804 0.4440521842110827
65 0.48413605289869066 0.4343877177163238
66 0.47445333184071686 0.4251059640947574
67 0.4649642652039025 0.41619176791660495
68 0.45566497989982446 0.40763057390710744
69 0.44655168030182796 0.39940840318038595
70 0.4376206466957914 0.3915118304144427
71 0.4288682337618756 0.38392796193003076
72 0.4202908690866381 0.37664441463760157
73 0.41188505170490536 0.3696492958179526
74 0.40364735067080726 0.36293118370356164
75 0.3955744036573911 0.3564791088289006
76 0.38766291558424326 0.3502825361192761
77 0.3799096572725584 0.3443313476889528
78 0.3723114641271072 0.33861582632047027
79 0.36486523484456507 0.3331266395981796
80 0.35756793014767374 0.3278548246700917
81 0.3504165715447203 0.3227917736131561
82 0.34340824011382587 0.3179292193780751
83 0.33654007531154934 0.3132592222907033
84 0.3298092738053183 0.30877415708799144
85 0.323213088329212 0.304466700467307
86 0.3167488265626277 0.30032981912880163
87 0.31041385003137517 0.2963567582913011
88 0.30420557303074763 0.29254103066296555
89 0.2981214615701327 0.2888764058487121
90 0.29215903233873003 0.28535690017710313
91 0.28631585169195545 0.28197676693008983
92 0.2805895346581163 0.2787304869596583
93 0.274977743964954 0.2756127596760558
94 0.2694781890856549 0.272618494392884
95 0.2640886253039418 0.2697428020149258
96 0.258806852797863 0.26698098705513473
97 0.2536307157419057 0.2643285399677514
98 0.2485581014270676 0.26178112978502843
99 0.24358693939852624 0.2593345970455413
100 0.2387152006105557 0.2569849470025379
101 0.23394089659834458 0.2547283431012374
102 0.22926207866637768 0.2525611007144284
103 0.2246768370930501 0.250479681126137
104 0.2201833003511891 0.24848068575354196
105 0.21577963434416533 0.24656085059770172
106 0.21146404165728203 0.24471704091403274
107 0.2072347608241364 0.24294624609383703
108 0.20309006560765366 0.2412455747485211
109 0.19902826429550058 0.23961224998847963
110 0.19504769900959057 0.23804360488893583
111 0.19114674502939877 0.23653707813533398
112 0.1873238101288108 0.23509020984117476
113 0.1835773339262346 0.23370063753146425
114 0.1799057872477099 0.23236609228521826
115 0.1763076715027557 0.23108439503072362
116 0.1727815180727006 0.22985345298750698
117 0.16932588771124657 0.2286712562492017
118 0.16593936995702163 0.2275358745017333
119 0.1626205825578812 0.22644545387146467
120 0.15936817090672356 0.22539821389815468
121 0.1561808074885891 0.22439244462778773
122 0.15305719133881732 0.22342650382052734
123 0.14999604751204096 0.22249881426923446
124 0.14699612656180014 0.22160786122417278
125 0.14405620403056413 0.22075218991969553
126 0.14117507994995285 0.21993040319887558
127 0.1383515783509538 0.21914115923220012
128 0.13558454678393472 0.218383169326605
129 0.13287285584825603 0.21765519582127144
130 0.1302153987312909 0.2169560500667491
131 0.12761109075666507 0.2162845904841058
132 0.12505886894153176 0.21563972070093523
133 0.12255769156270112 0.21502038776117818
134 0.1201065377314471 0.21442558040583554
135 0.11770440697681815 0.21385432742176444
136 0.11535031883728179 0.21330569605586258
137 0.11304331246053616 0.21277879049205042
138 0.11078244621132544 0.21227275038856522
139 0.10856679728709892 0.21178674947317805
140 0.10639546134135694 0.21131999419404018
141 0.1042675521145298 0.2108717224239562
142 0.1021822010722392 0.21044120221596754
143 0.10013855705079441 0.21002773060821522
144 0.09813578590977853 0.2096306324761299
145 0.09617307019158296 0.20924925943007516
146 0.09424960878775131 0.20888298875664418
147 0.09236461661199628 0.20853122240188107
148 0.09051732427975635 0.20819338599476658
149 0.08870697779416123 0.20786892790937384
150 0.086932838238278 0.20755731836416264
151 0.08519418147351245 0.20725804855694177
152 0.0834902978440422 0.2069706298340869
153 0.08182049188716135 0.20669459289265704
154 0.08018408204941813 0.20642948701410782
155 0.07858040040842976 0.20617487932834916
156 0.07700879240026116 0.20593035410694654
157 0.07546861655225594 0.20569551208431144
158 0.07395924422121082 0.20546996980577273
159 0.07248005933678661 0.20525335900146413
160 0.07103045815005088 0.20504532598500613
161 0.06960984898704986 0.2048455310759999
162 0.06821765200730887 0.2046536480453903
163 0.06685329896716269 0.20446936358279286
164 0.06551623298781943 0.20429237678491424
165 0.06420590832806304 0.20412239866423165
166 0.06292179016150179 0.20395915167712808
167 0.061663354358271756 0.2038023692707138
168 0.06043008727110632 0.20365179544759354
169 0.059221485525684195 0.20350718434786882
170 0.05803705581517051 0.20336829984769322
171 0.0568763146988671 0.20323491517372458
172 0.05573878840488976 0.20310681253284507
173 0.05462401263679196 0.2029837827565444
174 0.05353153238405612 0.20286562495938526
175 0.05246090173637499 0.2027521462109936
176 0.051411683701647504 0.20264316122103826
177 0.05038345002761455 0.20253849203668514
178 0.04937578102706226 0.2024379677520324
179 0.04838826540652102 0.20234142422905194
180 0.0474205000983906 0.20224870382958146
181 0.04647209009642279 0.20215965515793005
182 0.04554264829449433 0.202074132813676
183 0.044631795328604444 0.20199199715425445
184 0.04373915942203235 0.20191311406694598
185 0.042864376233591704 0.20183735474989492
186 0.04200708870891987 0.20176459550179907
187 0.041166946934741475 0.20169471751992782
188 0.040343607996046645 0.2016276067061387
189 0.039536735836125714 0.2015631534805756
190 0.0387460011194032 0.20150125260274482
191 0.037971081097015136 0.20144180299967612
192 0.037211659475074835 0.20138470760088895
193 0.036467426285573305 0.20132987317989373
194 0.03573807775986184 0.20127721020196995
195 0.035023316204664603 0.20122663267797194
196 0.03432284988057131 0.20117805802392424
197 0.03363639288295989 0.20113140692617684
198 0.03296366502530069 0.20108660321190025
199 0.03230439172479468 0.201043573724709
200 0.031658303890298785 0.2010022482052105
yes
