0 -1.8 -5.832000000000001
1 -1.8972 -6.8287206660479995
2 -2.0051810352 -8.062333620229643
3 -2.1258035647177724 -9.606593032746078
4 -2.2613747885907762 -11.564254427713234
5 -2.4147892666249957 -14.081136563356521
6 -2.589725482691214 -17.368455116847393
7 -2.7909258249622217 -21.739266317419936
8 -3.0246038337754535 -27.669766543562524
9 -3.299050684314129 -35.90599477756977
10 -3.625562746844335 -47.65695360487086
11 -4.019903903783499 -64.96014925147554
12 -4.504692725653114 -91.4103804793681
13 -5.113460422229677 -133.70409128476993
14 -5.897884746920957 -205.15818330652323
15 -6.941436081559845 -334.4629275141246
16 -8.38694212779127 -589.9442041866549
17 -10.49716607543887 -1156.6879324091917
18 -13.802880943899211 -2629.718284505692
19 -19.51846661444289 -7435.9607461503
20 -30.947582783816507 -29640.13654522668
21 -59.68016918865178 -212564.2070360063
22 -166.53184702023486 -4618403.74481165
23 -998.5175291793514 -995559177.4392011
24 -30909.635211534045 -29531236995886.805
25 -28693076.10250951 -2.362279769196093e+22
26 -24698807185144.023 -1.5067039932181875e+40
27 -1.8306679604510995e+25 -6.135200248041778e+75
28 -1.8306679604510995e+25 -6.135200248041778e+75
29 -1.8306679604510995e+25 -6.135200248041778e+75
30 -1.8306679604510995e+25 -6.135200248041778e+75
31 -1.8306679604510995e+25 -6.135200248041778e+75
32 -1.8306679604510995e+25 -6.135200248041778e+75
33 -1.8306679604510995e+25 -6.135200248041778e+75
34 -1.8306679604510995e+25 -6.135200248041778e+75
35 -1.8306679604510995e+25 -6.135200248041778e+75
36 -1.8306679604510995e+25 -6.135200248041778e+75
37 -1.8306679604510995e+25 -6.135200248041778e+75
38 -1.8306679604510995e+25 -6.135200248041778e+75
39 -1.8306679604510995e+25 -6.135200248041778e+75
40 -1.8306679604510995e+25 -6.135200248041778e+75
41 -1.8306679604510995e+25 -6.135200248041778e+75
42 -1.8306679604510995e+25 -6.135200248041778e+75
43 -1.8306679604510995e+25 -6.135200248041778e+75
44 -1.8306679604510995e+25 -6.135200248041778e+75
45 -1.8306679604510995e+25 -6.135200248041778e+75
46 -1.8306679604510995e+25 -6.135200248041778e+75
47 -1.8306679604510995e+25 -6.135200248041778e+75
48 -1.8306679604510995e+25 -6.135200248041778e+75
49 -1.8306679604510995e+25 -6.135200248041778e+75
50 -1.8306679604510995e+25 -6.135200248041778e+75
51 -1.8306679604510995e+25 -6.135200248041778e+75
52 -1.8306679604510995e+25 -6.135200248041778e+75
53 -1.8306679604510995e+25 -6.135200248041778e+75
54 -1.8306679604510995e+25 -6.135200248041778e+75
55 -1.8306679604510995e+25 -6.135200248041778e+75
56 -1.8306679604510995e+25 -6.135200248041778e+75
57 -1.8306679604510995e+25 -6.135200248041778e+75
58 -1.8306679604510995e+25 -6.135200248041778e+75
59 -1.8306679604510995e+25 -6.135200248041778e+75
60 -1.8306679604510995e+25 -6.135200248041778e+75
61 -1.8306679604510995e+25 -6.135200248041778e+75
62 -1.8306679604510995e+25 -6.135200248041778e+75
63 -1.8306679604510995e+25 -6.135200248041778e+75
64 -1.8306679604510995e+25 -6.135200248041778e+75
65 -1.8306679604510995e+25 -6.135200248041778e+75
66 -1.8306679604510995e+25 -6.135200248041778e+75
67 -1.8306679604510995e+25 -6.135200248041778e+75
68 -1.8306679604510995e+25 -6.135200248041778e+75
69 -1.8306679604510995e+25 -6.135200248041778e+75
70 -1.8306679604510995e+25 -6.135200248041778e+75
71 -1.8306679604510995e+25 -6.135200248041778e+75
72 -1.8306679604510995e+25 -6.135200248041778e+75
73 -1.8306679604510995e+25 -6.135200248041778e+75
74 -1.8306679604510995e+25 -6.135200248041778e+75
75 -1.8306679604510995e+25 -6.135200248041778e+75
76 -1.8306679604510995e+25 -6.135200248041778e+75
77 -1.8306679604510995e+25 -6.135200248041778e+75
78 -1.8306679604510995e+25 -6.135200248041778e+75
79 -1.8306679604510995e+25 -6.135200248041778e+75
80 -1.8306679604510995e+25 -6.135200248041778e+75
81 -1.8306679604510995e+25 -6.135200248041778e+75
82 -1.8306679604510995e+25 -6.135200248041778e+75
83 -1.8306679604510995e+25 -6.135200248041778e+75
84 -1.8306679604510995e+25 -6.135200248041778e+75
85 -1.8306679604510995e+25 -6.135200248041778e+75
86 -1.8306679604510995e+25 -6.135200248041778e+75
87 -1.8306679604510995e+25 -6.135200248041778e+75
88 -1.8306679604510995e+25 -6.135200248041778e+75
89 -1.8306679604510995e+25 -6.135200248041778e+75
90 -1.8306679604510995e+25 -6.135200248041778e+75
91 -1.8306679604510995e+25 -6.135200248041778e+75
92 -1.8306679604510995e+25 -6.135200248041778e+75
93 -1.8306679604510995e+25 -6.135200248041778e+75
94 -1.8306679604510995e+25 -6.135200248041778e+75
95 -1.8306679604510995e+25 -6.135200248041778e+75
96 -1.8306679604510995e+25 -6.135200248041778e+75
97 -1.8306679604510995e+25 -6.135200248041778e+75
98 -1.8306679604510995e+25 -6.135200248041778e+75
99 -1.8306679604510995e+25 -6.135200248041778e+75
100 -1.8306679604510995e+25 -6.135200248041778e+75
101 -1.8306679604510995e+25 -6.135200248041778e+75
102 -1.8306679604510995e+25 -6.135200248041778e+75
103 -1.8306679604510995e+25 -6.135200248041778e+75
104 -1.8306679604510995e+25 -6.135200248041778e+75
105 -1.8306679604510995e+25 -6.135200248041778e+75
106 -1.8306679604510995e+25 -6.135200248041778e+75
107 -1.8306679604510995e+25 -6.135200248041778e+75
108 -1.8306679604510995e+25 -6.135200248041778e+75
109 -1.8306679604510995e+25 -6.135200248041778e+75
110 -1.8306679604510995e+25 -6.135200248041778e+75
111 -1.8306679604510995e+25 -6.135200248041778e+75
112 -1.8306679604510995e+25 -6.135200248041778e+75
113 -1.8306679604510995e+25 -6.135200248041778e+75
114 -1.8306679604510995e+25 -6.135200248041778e+75
115 -1.8306679604510995e+25 -6.135200248041778e+75
116 -1.8306679604510995e+25 -6.135200248041778e+75
117 -1.8306679604510995e+25 -6.135200248041778e+75
118 -1.8306679604510995e+25 -6.135200248041778e+75
119 -1.8306679604510995e+25 -6.135200248041778e+75
120 -1.8306679604510995e+25 -6.135200248041778e+75
121 -1.8306679604510995e+25 -6.135200248041778e+75
122 -1.8306679604510995e+25 -6.135200248041778e+75
123 -1.8306679604510995e+25 -6.135200248041778e+75
124 -1.8306679604510995e+25 -6.135200248041778e+75
125 -1.8306679604510995e+25 -6.135200248041778e+75
126 -1.8306679604510995e+25 -6.135200248041778e+75
127 -1.8306679604510995e+25 -6.135200248041778e+75
128 -1.8306679604510995e+25 -6.135200248041778e+75
129 -1.8306679604510995e+25 -6.135200248041778e+75
130 -1.8306679604510995e+25 -6.135200248041778e+75
131 -1.8306679604510995e+25 -6.135200248041778e+75
132 -1.8306679604510995e+25 -6.135200248041778e+75
133 -1.8306679604510995e+25 -6.135200248041778e+75
134 -1.8306679604510995e+25 -6.135200248041778e+75
135 -1.8306679604510995e+25 -6.135200248041778e+75
136 -1.8306679604510995e+25 -6.135200248041778e+75
137 -1.8306679604510995e+25 -6.135200248041778e+75
138 -1.8306679604510995e+25 -6.135200248041778e+75
139 -1.8306679604510995e+25 -6.135200248041778e+75
140 -1.8306679604510995e+25 -6.135200248041778e+75
141 -1.8306679604510995e+25 -6.135200248041778e+75
142 -1.8306679604510995e+25 -6.135200248041778e+75
143 -1.8306679604510995e+25 -6.135200248041778e+75
144 -1.8306679604510995e+25 -6.135200248041778e+75
145 -1.8306679604510995e+25 -6.135200248041778e+75
146 -1.8306679604510995e+25 -6.135200248041778e+75
147 -1.8306679604510995e+25 -6.135200248041778e+75
148 -1.8306679604510995e+25 -6.135200248041778e+75
149 -1.8306679604510995e+25 -6.135200248041778e+75
150 -1.8306679604510995e+25 -6.135200248041778e+75
151 -1.8306679604510995e+25 -6.135200248041778e+75
152 -1.8306679604510995e+25 -6.135200248041778e+75
153 -1.8306679604510995e+25 -6.135200248041778e+75
154 -1.8306679604510995e+25 -6.135200248041778e+75
155 -1.8306679604510995e+25 -6.135200248041778e+75
156 -1.8306679604510995e+25 -6.135200248041778e+75
157 -1.8306679604510995e+25 -6.135200248041778e+75
158 -1.8306679604510995e+25 -6.135200248041778e+75
159 -1.8306679604510995e+25 -6.135200248041778e+75
160 -1.8306679604510995e+25 -6.135200248041778e+75
161 -1.8306679604510995e+25 -6.135200248041778e+75
162 -1.8306679604510995e+25 -6.135200248041778e+75
163 -1.8306679604510995e+25 -6.135200248041778e+75
164 -1.8306679604510995e+25 -6.135200248041778e+75
165 -1.8306679604510995e+25 -6.135200248041778e+75
166 -1.8306679604510995e+25 -6.135200248041778e+75
167 -1.8306679604510995e+25 -6.135200248041778e+75
168 -1.8306679604510995e+25 -6.135200248041778e+75
169 -1.8306679604510995e+25 -6.135200248041778e+75
170 -1.8306679604510995e+25 -6.135200248041778e+75
171 -1.8306679604510995e+25 -6.135200248041778e+75
172 -1.8306679604510995e+25 -6.135200248041778e+75
173 -1.8306679604510995e+25 -6.135200248041778e+75
174 -1.8306679604510995e+25 -6.135200248041778e+75
175 -1.8306679604510995e+25 -6.135200248041778e+75
176 -1.8306679604510995e+25 -6.135200248041778e+75
177 -1.8306679604510995e+25 -6.135200248041778e+75
178 -1.8306679604510995e+25 -6.135200248041778e+75
179 -1.8306679604510995e+25 -6.135200248041778e+75
180 -1.8306679604510995e+25 -6.135200248041778e+75
181 -1.8306679604510995e+25 -6.135200248041778e+75
182 -1.8306679604510995e+25 -6.135200248041778e+75
183 -1.8306679604510995e+25 -6.135200248041778e+75
184 -1.8306679604510995e+25 -6.135200248041778e+75
185 -1.8306679604510995e+25 -6.135200248041778e+75
186 -1.8306679604510995e+25 -6.135200248041778e+75
187 -1.8306679604510995e+25 -6.135200248041778e+75
188 -1.8306679604510995e+25 -6.135200248041778e+75
189 -1.8306679604510995e+25 -6.135200248041778e+75
190 -1.8306679604510995e+25 -6.135200248041778e+75
191 -1.8306679604510995e+25 -6.135200248041778e+75
192 -1.8306679604510995e+25 -6.135200248041778e+75
193 -1.8306679604510995e+25 -6.135200248041778e+75
194 -1.8306679604510995e+25 -6.135200248041778e+75
195 -1.8306679604510995e+25 -6.135200248041778e+75
196 -1.8306679604510995e+25 -6.135200248041778e+75
197 -1.8306679604510995e+25 -6.135200248041778e+75
198 -1.8306679604510995e+25 -6.135200248041778e+75
199 -1.8306679604510995e+25 -6.135200248041778e+75
200 -1.8306679604510995e+25 -6.135200248041778e+75
yes-but-diverge
