0 1.8 5.832000000000001
1 1.7028 4.937316005952001
2 1.6158141647999997 4.2186571620737565
3 1.53748850234495 3.634424321848854
4 1.4665723754996625 3.154354509750684
5 1.4020473395223008 2.7560559696890574
6 1.3430752372544539 2.422707734603438
7 1.2889597044666705 2.1414997196543992
8 1.2391171908745062 1.902554676567165
9 1.1930548484928845 1.6981702569550232
10 1.150353452347513 1.5222777532364526
11 1.1106540603876778 1.3700500282480963
12 1.0736474871320087 1.2376137789403054
13 1.0390659193332625 1.1218358164584576
14 1.0066761797916661 1.0201625510713541
15 0.9762742718628679 0.9304981906617221
16 0.9476809282458266 0.851111428320723
17 0.9207379539930004 0.7805633162109231
18 0.8953052025953039 0.717651049859195
19 0.8712580604214774 0.6613638106790238
20 0.8484853421859955 0.6108478258933835
21 0.8268875209088609 0.5653785312500913
22 0.8063752317418168 0.5243382486479565
23 0.7868680013108171 0.4871981764465856
24 0.7682931637662107 0.4535037751181861
25 0.7505849322015139 0.42286284311796757
26 0.7336835999880754 0.39493573719379876
27 0.7175348512413315 0.36942731190006145
28 0.7020891633589539 0.34608024492346684
29 0.6873012875597716 0.32466948527785583
30 0.673129795763332 0.30499761581202944
31 0.6595366841050004 0.28689096371896317
32 0.6464870249745939 0.2701963257390775
33 0.6339486607707788 0.25477820067933493
34 0.6218919336359868 0.24051644234899397
35 0.6102894463223416 0.22730426226976705
36 0.5991158500735687 0.2150465244862619
37 0.5883476560192874 0.2036582851955613
38 0.5779630670889857 0.19306353828126493
39 0.5679418278814184 0.1831941346013755
40 0.5582650902856998 0.17398884837054548
41 0.5489152929547488 0.1653925684526469
42 0.5398760529895609 0.15735559604119914
43 0.5311320684118133 0.14983303321190355
44 0.522669030188951 0.14278424930925976
45 0.5144735427353911 0.1361724141780244
46 0.50653305195015 0.12996408894996073
47 0.49883577996861195 0.12412886651088771
48 0.49137066590730516 0.11863905495392954
49 0.4841273119678795 0.11346939831361182
50 0.47709593434208214 0.10859682970570426
51 0.4702673184251098 0.1040002526968106
52 0.4636327779017475 0.0996603473179639
53 0.4571841173194008 0.09555939763614582
54 0.4509135978055272 0.09168113822168504
55 0.44481390562494943 0.0880106172102376
56 0.4388781233058298 0.08453407396568208
57 0.4330997030923364 0.0812388296132062
58 0.42747244250777633 0.07811318893711469
59 0.4219904618346694 0.07514635233127129
60 0.41664818333828624 0.07232833665646696
61 0.41144031207791343 0.06964990400244213
62 0.4063618181658303 0.06710249747619997
63 0.4014079203479391 0.06467818324549375
64 0.39657407079239737 0.06236959815937329
65 0.3918559409836518 0.06016990234847417
66 0.38724940862912627 0.058072736278056446
67 0.382750545494618 0.056072181788112366
68 0.37835560609232516 0.054162726708411525
69 0.3740610171524804 0.052339232683198456
70 0.36986336781588597 0.05059690588130632
71 0.3657594004903227 0.04893127030347735
72 0.36174600231891146 0.047338143430348374
73 0.35782019721310004 0.04581361398243771
74 0.3539791384070914 0.04435402158804895
75 0.3502201014942686 0.04295593817670761
76 0.3465404779095489 0.041616150934933906
77 0.34293776882465554 0.040331646678142735
78 0.33940957942606254 0.03909959750752318
79 0.33595361354787723 0.0379173476341202
80 0.33256766863420095 0.03678240126422594
81 0.3292496310075773 0.03569241145076607
82 0.3259974714220185 0.03464516982479235
83 0.32280924088081203 0.03363859712960244
84 0.31968306670087066 0.03267073448752001
85 0.31661714880681247 0.03173973533608626
86 0.3136097562392558 0.030843857976428316
87 0.31065922386300243 0.02998145868196098
88 0.30776394926186756 0.029150985320415376
89 0.3049223898079097 0.02835097144653278
90 0.3021330598937247 0.027580030826669013
91 0.29939452831730234 0.026836852360070856
92 0.29670541580971216 0.026120195364754774
93 0.29406439269658774 0.02542888519877566
94 0.29147017668502734 0.024761809190253052
95 0.2889215307681233 0.02411791285185356
96 0.2864172612398815 0.023496196357536615
97 0.2839562158137968 0.022895711261279678
98 0.2815372818388181 0.022315557439228605
99 0.2791593846068624 0.021754880238287328
100 0.27682148574643994 0.021212867815585477
101 0.27452258169731397 0.020688748654555483
102 0.27226170226146124 0.020181789244527428
103 0.270037909225912 0.01969129191182005
104 0.2678502950533389 0.019216592791281045
105 0.2656979816365341 0.018757059928118495
106 0.26358011911316226 0.01831209150067552
107 0.261495884737411 0.017881114155540206
108 0.25944448180537294 0.017463581447058816
109 0.2574251386311952 0.017058972373937976
110 0.2554371075712165 0.0166667900061872
111 0.25347966409348605 0.016286560196170547
112 0.25155210589021765 0.01591783036801048
113 0.24965375203088355 0.015560168380021897
114 0.24778394215379063 0.015213161455253145
115 0.24594203569411244 0.014876415175577211
116 0.24412741114647152 0.014549552535112706
117 0.24233946536027917 0.014232213049063629
118 0.24057761286614598 0.013924051914351492
119 0.23884128523177478 0.013624739218675314
120 0.2371299304458398 0.01333395919487626
121 0.23544301232844234 0.013051409517706072
122 0.2337800099668136 0.012776800640303506
123 0.2321404171750111 0.01250985516787219
124 0.23052374197642544 0.012250307266228036
125 0.22892950610798105 0.011997902103045705
126 0.22735724454497572 0.011752395319782826
127 0.2258065050455632 0.011513552532398682
128 0.22427684771393644 0.011281148859111632
129 0.22276784458132143 0.011054968473557924
130 0.2212790792039392 0.010834804181823894
131 0.21981014627713888 0.01062045702192521
132 0.21836065126494755 0.010411735884400803
133 0.216930210044322 0.010208457152776596
134 0.21551844856342578 0.010010444362735129
135 0.2141250025132902 0.009817527878902544
136 0.2127495170122507 0.009629544588234321
137 0.2113916463025823 0.009446337609046248
138 0.21005105345878683 0.009267756014797629
139 0.20872741010701246 0.009093654571789973
140 0.20742039615511304 0.00892389348999697
141 0.2061296995328787 0.00875833818629026
142 0.20485501594199326 0.008596859059371083
143 0.20359604861529543 0.008439331275760319
144 0.20235250808494257 0.008285634566239002
145 0.20112411195909458 0.008135653032168302
146 0.19991058470675455 0.00798927496115246
147 0.19871165745042066 0.007846392651540376
148 0.19752706776621987 0.007706902245291573
149 0.19635655949121025 0.007570703568760486
150 0.1951998825375535 0.007437699980979187
151 0.19405679271327325 0.007307798229043384
152 0.19292705154932838 0.007180908310229472
153 0.19181042613274285 0.007056943340492005
154 0.19070668894554613 0.006935819429011134
155 0.18961561770928892 0.006817455558478489
156 0.18853699523491066 0.006701773470827704
157 0.1874706092777444 0.006588697558132403
158 0.18641625239745532 0.0064781547584100855
159 0.18537372182271797 0.006370074456084978
160 0.18434281932044577 0.0062643883868766384
161 0.18332335106939546 0.00616103054689405
162 0.18231512753797607 0.0060599371057270075
163 0.18131796336610043 0.005961046323338053
164 0.1803316772509235 0.005864298470568853
165 0.17935609183631956 0.0057696357530850825
166 0.17839103360595562 0.005677002238593226
167 0.1774363327798256 0.0055863437871717615
168 0.176491823214115 0.005497607984567473
169 0.17555734230427172 0.005410744078315621
170 0.17463273089116355 0.0053257029165500805
171 0.1737178331702084 0.005242436889376649
172 0.1728124966033678 0.005160899872689256
173 0.17191657183389913 0.0050810471743151266
174 0.17102991260376552 0.00500283548238075
175 0.17015237567360797 0.004926222815796135
176 0.1692838207451868 0.004851168476760005
177 0.16842411038620414 0.004777633005193573
178 0.1675731099574226 0.004705578135015194
179 0.16673068754199855 0.004634966752172592
180 0.1658967138769517 0.0045657628543535455
181 0.16507106228669657 0.0044979315122998485
182 0.1642536086185628 0.004431438832653079
183 0.1634442311802362 0.004366251922264255
184 0.16264281067905326 0.004302338853902759
185 0.16184923016308578 0.004239668633303088
186 0.16106337496395426 0.004178211167490979
187 0.1602851326413109 0.004117937234333246
188 0.1595143929289356 0.004058818453258383
189 0.15875104768239098 0.0040008272570975206
190 0.15799499082818327 0.00394393686499769
191 0.15724611831437935 0.0038881212563616563
192 0.15650432806263115 0.0038333551457707476
193 0.15576951992156107 0.003779613958849132
194 0.15504159562146327 0.0037268738090299462
195 0.1543204587302778 0.003675111475185518
196 0.1536060146107961 0.0036243043800856913
197 0.15289817037905773 0.003574430569649899
198 0.15219683486389982 0.0035254686929602095
199 0.15150191856762213 0.003477397983004092
200 0.15081333362773203 0.003430198238117033
yes
