0 -1.8 -0.08524799999999999
1 -1.7966144 -0.08638954853846727
2 -1.793256431179564 -0.08751255630425742
3 -1.7899257703884626 -0.08861738904805243
4 -1.7866220996704725 -0.08970440385530211
5 -1.7833451061562435 -0.09077394938793212
6 -1.7800944819588584 -0.09182636611827298
7 -1.7768699240720065 -0.09286198655549253
8 -1.7736711342706921 -0.09388113546480664
9 -1.770497819014407 -0.09488413007972685
10 -1.7673496893526905 -0.09587128030759835
11 -1.7642264608330127 -0.09684288892866548
12 -1.7611278534109083 -0.09779925178889971
13 -1.7580535913623014 -0.09874065798680824
14 -1.7550034031979547 -0.09966739005443906
15 -1.7519770215799833 -0.10057972413278435
16 -1.7489741832403762 -0.10147793014178141
17 -1.7459946289014667 -0.1023622719450972
18 -1.7430381031982969 -0.10323300750988018
19 -1.7401043546028239 -0.10409038906165222
20 -1.7371931353499164 -0.10493466323450897
21 -1.7343042013650918 -0.10576607121678915
22 -1.731437312193944 -0.10658484889236867
23 -1.7285922309332173 -0.10739122697772782
24 -1.7257687241634814 -0.10818543115493498
25 -1.7229665618833605 -0.10896768220068488
26 -1.7201855174452794 -0.10973819611152408
27 -1.7174253674926796 -0.11049718422539158
28 -1.714685891898671 -0.1112448533395974
29 -1.7119668737060765 -0.11198140582535672
30 -1.7092680990688351 -0.11270703973899529
31 -1.7065893571947255 -0.11342194892993347
32 -1.7039304402893758 -0.11412632314555687
33 -1.7012911435015254 -0.11482034813307401
34 -1.698671264869506 -0.11550420573845965
35 -1.6960706052689087 -0.11617807400257764
36 -1.6934889683614092 -0.11684212725457588
37 -1.6909261605447157 -0.11749653620263914
38 -1.6883819909036173 -0.11814146802218622
39 -1.685856271162098 -0.11877708644159188
40 -1.6833488156364922 -0.11940355182551293
41 -1.6808594411896565 -0.12002102125589413
42 -1.6783879671861268 -0.12062964861072673
43 -1.675934215448241 -0.12122958464063122
44 -1.6734980102131995 -0.12182097704333145
45 -1.6710791780910417 -0.12240397053608663
46 -1.6686775480235139 -0.12297870692614421
47 -1.666292951243808 -0.12354532517927495
48 -1.663925221237148 -0.12410396148644992
49 -1.6615741937022035 -0.12465474932871548
50 -1.65923970651331 -0.12519781954032236
51 -1.656921599683477 -0.12573330037016198
52 -1.6546197153281617 -0.12626131754156034
53 -1.6523338976297939 -0.1267819943104808
54 -1.6500639928030292 -0.12729545152218288
55 -1.6478098490607163 -0.12780180766638335
56 -1.6455713165805597 -0.1283011789309647
57 -1.6433482474724608 -0.1287936792542746
58 -1.641140495746522 -0.129279420376058
59 -1.6389479172816976 -0.12975851188706153
60 -1.6367703697950746 -0.13023106127735154
61 -1.6346077128117715 -0.13069717398338124
62 -1.6324598076354389 -0.13115695343384443
63 -1.6303265173193453 -0.13161050109435266
64 -1.6282077066380396 -0.1320579165109676
65 -1.6261032420595722 -0.1324992973526234
66 -1.6240129917182637 -0.132934739452471
67 -1.6219368253880082 -0.13336433684817497
68 -1.6198746144560991 -0.13378818182119312
69 -1.6178262318975642 -0.13420636493506777
70 -1.6157915522500008 -0.13461897507275766
71 -1.6137704515888955 -0.13502609947303626
72 -1.6117628075034227 -0.13542782376598436
73 -1.6097684990727055 -0.13582423200760196
74 -1.6077874068425329 -0.13621540671356341
75 -1.6058194128025212 -0.1366014288921412
76 -1.6038644003637084 -0.1369823780763207
77 -1.6019222543365745 -0.1373583323551282
78 -1.5999928609094767 -0.13772936840419525
79 -1.5980761076274894 -0.1380955615155787
80 -1.5961718833716423 -0.1384569856268582
81 -1.594280078338546 -0.13881371334953066
82 -1.5924005840203972 -0.1391658159967207
83 -1.5905332931853544 -0.1395133636102262
84 -1.588678099858278 -0.13985642498691608
85 -1.5868348993018238 -0.14019506770449908
86 -1.585003587997886 -0.14052935814667972
87 -1.5831840636293788 -0.14085936152771786
88 -1.5813762250623493 -0.14118514191640888
89 -1.579579972328419 -0.1415067622594981
90 -1.5777952066075402 -0.14182428440454684
91 -1.5760218302110673 -0.14213776912226248
92 -1.57425974656513 -0.14244727612830857
93 -1.572508860194307 -0.14275286410460705
94 -1.5707690767055908 -0.14305459072014734
95 -1.56904030277264 -0.14335251265131457
96 -1.5673224461203092 -0.1436466856017493
97 -1.5656154155094546 -0.14393716432175155
98 -1.5639191207220082 -0.1442240026272406
99 -1.5622334725463138 -0.14450725341828208
100 -1.5605583827627212 -0.1447869686971935
101 -1.558893764129431 -0.1450631995862395
102 -1.557239530368588 -0.14533599634492664
103 -1.5555955961526158 -0.1456054083869083
104 -1.5539618770907868 -0.1458714842965101
105 -1.5523382897160263 -0.1461342718448846
106 -1.5507247514719418 -0.14639381800580534
107 -1.5491211807000766 -0.14665016897110916
108 -1.54752749662738 -0.14690337016579552
109 -1.5459436193538922 -0.1471534662627915
110 -1.5443694698406387 -0.14740050119739107
111 -1.5428049698977286 -0.14764451818137642
112 -1.5412500421726554 -0.14788555971682946
113 -1.539704610138794 -0.1481236676096414
114 -1.5381685980840916 -0.148358882982727
115 -1.5366419310999473 -0.14859124628895212
116 -1.5351245350702771 -0.1488207973237806
117 -1.533616336660762 -0.14904757523764722
118 -1.5321172633082734 -0.14927161854806484
119 -1.530627243210473 -0.1494929651514703
120 -1.5291462053155862 -0.14971165233481687
121 -1.5276740793123413 -0.14992771678691885
122 -1.5262107956200748 -0.1501411946095541
123 -1.524756285378998 -0.15035212132833087
124 -1.5233104804406228 -0.15056053190332414
125 -1.521873313358342 -0.15076646073948713
126 -1.5204447173781628 -0.15096994169684352
127 -1.5190246264295901 -0.1511710081004654
128 -1.5176129751166556 -0.15136969275024206
129 -1.5162096987090923 -0.15156602793044455
130 -1.5148147331336486 -0.15176004541909113
131 -1.5134280149655428 -0.15195177649711789
132 -1.512049481420052 -0.15214125195735925
133 -1.5106790703442354 -0.15232850211334317
134 -1.5093167202087878 -0.15251355680790454
135 -1.5079623701000227 -0.1526964454216219
136 -1.50661595971198 -0.1528771968810812
137 -1.5052774293386586 -0.15305583966697034
138 -1.5039467198663703 -0.1532324018220091
139 -1.5026237727662124 -0.15340691095871725
140 -1.5013085300866575 -0.1535793942670256
141 -1.500000934446259 -0.1537498785217331
142 -1.4987009290264677 -0.1539183900898131
143 -1.4974084575645605 -0.1540849549375731
144 -1.4961234643466783 -0.15424959863767065
145 -1.4948458942009681 -0.15441234637598877
146 -1.493575692490833 -0.15457322295837447
147 -1.4923128051082828 -0.15473225281724265
148 -1.491057178467387 -0.15488946001804935
149 -1.489808759497826 -0.15504486826563663
150 -1.4885674956385408 -0.1551985009104521
151 -1.4873333348314781 -0.15535038095464618
152 -1.4861062255154287 -0.15550053105804915
153 -1.484886116619959 -0.15564897354403143
154 -1.4836729575594334 -0.15579573040524916
155 -1.4824666982271253 -0.15594082330927816
156 -1.4812672889894156 -0.1560842736041373
157 -1.480074680680078 -0.15622610232370615
158 -1.4788888245946474 -0.1563663301930367
159 -1.4777096724848733 -0.15650497763356308
160 -1.476537176553253 -0.15664206476821096
161 -1.4753712894476454 -0.15677761142640875
162 -1.4742119642559648 -0.15691163714900294
163 -1.4730591545009502 -0.15704416119307946
164 -1.4719128141350122 -0.15717520253669323
165 -1.470772897535154 -0.15730477988350766
166 -1.4696393594979662 -0.15743291166734646
167 -1.4685121552346934 -0.15755961605665914
168 -1.4673912403663723 -0.15768491095890227
169 -1.4662765709190393 -0.15780881402483843
170 -1.465168103319007 -0.1579313426527543
171 -1.4640657943882078 -0.15805251399259979
172 -1.4629696013396045 -0.1581723449500499
173 -1.461879481772665 -0.1582908521904908
174 -1.4607953936689018 -0.15840805214293205
175 -1.459717295387475 -0.15852396100384566
176 -1.4586451456608567 -0.15863859474093495
177 -1.4575789035905558 -0.15875196909683306
178 -1.456518528642904 -0.158864099592734
179 -1.4554639806449001 -0.15897500153195654
180 -1.454415219780112 -0.15908469000344297
181 -1.453372206584636 -0.15919317988519413
182 -1.4523349019431129 -0.1593004858476412
183 -1.4513032670847978 -0.1594066223569568
184 -1.4502772635796854 -0.15951160367830552
185 -1.4492568533346881 -0.15961544387903584
186 -1.4482419985898667 -0.1597181568318142
187 -1.447232661914713 -0.15981975621770292
188 -1.4462288062044824 -0.15992025552918218
189 -1.4452303946765783 -0.16001966807311832
190 -1.4442373908669837 -0.1601180069736788
191 -1.4432497586267414 -0.16021528517519532
192 -1.4422674621184841 -0.1603115154449752
193 -1.4412904658130083 -0.16040671037606397
194 -1.4403187344858965 -0.16050088238995788
195 -1.4393522332141835 -0.16059404373926894
196 -1.4383909273730684 -0.16068620651034293
197 -1.4374347826326697 -0.16077738262583113
198 -1.436483764954824 -0.16086758384721686
199 -1.4355378405899277 -0.1609568217772979
200 -1.4345969760738198 -0.16104510786262513
yes
